Artist: YasiCreeper
AssetId: rbxassetid://2659905691
CoverImageAssetId: rbxassetid://6491782310
Description: This is POGGERS
Filename: WARIO LAUGHING (Custom) [HYPERLOVED]
HitSFXGroup: 0
Mapper: Yasi
MD5Hash: 026cf2025f9f35b8ec3dd4b6d68fcd64
NotePrebufferTime: 800
TimeOffset: -75
Volume: 0.5
Difficulty:
- Overall: 24
  Chordjack: 14.9139009475708
  Handstream: 16.360197830200196
  Jack: 22.941895866394045
  Jumpstream: 23.778897857666017
  Stamina: 21.731817054748536
  Stream: 21.38939723968506
  Technical: 27.308702087402345
  Rate: 100
