Artist: Atarashii / antip0is0n
AssetId: rbxassetid://6228553230
CoverImageAssetId: rbxassetid://6843762205
Description: '[44] 1.2x (180bpm)'
Filename: I'm Mad Because The New MEME is FOOL MOON
HitSFXGroup: 0
Mapper: Yasi
MD5Hash: 76b0827438b09d0be719dc0c5810bcee
NotePrebufferTime: 800
TimeOffset: -75
Volume: 0.5
Difficulty:
- Overall: 0
  Chordjack: 50.631478500366214
  Handstream: 36.39815826416016
  Jack: 49.02038497924805
  Jumpstream: 41.314045715332036
  Stamina: 44.351786041259764
  Stream: 33.26993865966797
  Technical: 41.08238868713379
  Rate: 100
