Artist: katagiri
AssetId: rbxassetid://9042611631
CoverImageAssetId: ''
Description: ''
Filename: Angel's Salad ('Le mythe etendu' ver.)
HitSFXGroup: 0
Mapper: Penguinosity
MD5Hash: 42df1b87c5bd526f7a00fbb91ef491a8
NotePrebufferTime: 1000
TimeOffset: -75
Volume: 0.5
Difficulty:
- Overall: 51.06887855529785
  Chordjack: 40.08149642944336
  Handstream: 41.87969741821289
  Jack: 26.98919563293457
  Jumpstream: 49.978794479370116
  Stamina: 49.92881698608399
  Stream: 43.91729736328125
  Technical: 47.72699890136719
  Rate: 100
