Artist: puxtu / Masa
AssetId: rbxassetid://6578172611
CoverImageAssetId: rbxassetid://6578151454
Description: ''
Filename: "Kitsune no Yomeiri \u72D0\u306E\u5AC1\u5165\u308A"
HitSFXGroup: 0
Mapper: Yasi
MD5Hash: d7442a876820f1e83028e7e7deb527ae
NotePrebufferTime: 800
TimeOffset: -75
Volume: 0.5
Difficulty:
- Overall: 6
  Chordjack: 6.272099876403809
  Handstream: 5.753700113296509
  Jack: 4.31370062828064
  Jumpstream: 10.638001441955566
  Stamina: 10.386313247680665
  Stream: 9.970200061798096
  Technical: 10.332000446319581
  Rate: 100
