Artist: ''
AssetId: rbxassetid://10718809310
CoverImageAssetId: rbxassetid://6496915851
Description: ''
Filename: Go Beyond!! [loved]
HitSFXGroup: 0
Mapper: Yasi
MD5Hash: c7d41d42c42609e40a8eb198788356d5
NotePrebufferTime: 800
TimeOffset: -75
Volume: 0.5
Difficulty:
- Overall: 34.29449615478516
  Chordjack: 27.550796127319337
  Handstream: 29.009701538085938
  Jack: 21.42089710235596
  Jumpstream: 34.29449615478516
  Stamina: 31.17557029724121
  Stream: 30.849300384521484
  Technical: 31.888799285888673
  Rate: 100
