Artist: Chroma
AssetId: rbxassetid://10718904223
CoverImageAssetId: rbxassetid://6543138007
Description: ''
Filename: Made In Love
HitSFXGroup: 0
Mapper: Yasi
MD5Hash: 061e54090d35a0ed4a11f166671d8bfa
NotePrebufferTime: 675
TimeOffset: -75
Volume: 0.5
Difficulty:
- Overall: 25.93403949737549
  Chordjack: 15.37650089263916
  Handstream: 18.822596168518068
  Jack: 14.422499656677246
  Jumpstream: 24.780595207214358
  Stamina: 21.06672191619873
  Stream: 24.988497734069824
  Technical: 25.883995056152344
  Rate: 100
