Artist: ''
AssetId: rbxassetid://10718801079
CoverImageAssetId: rbxassetid://6570872916
Description: ''
Filename: Jibaku Shounen Hanako [kun] No.7
HitSFXGroup: 0
Mapper: Yasi
MD5Hash: 4ab324250d5be649a5e5d06b088371c6
NotePrebufferTime: 800
TimeOffset: 0
Volume: 0.5
Difficulty:
- Overall: 8
  Chordjack: 6.343199872970581
  Handstream: 6.38369951248169
  Jack: 5.998499965667725
  Jumpstream: 10.1079008102417
  Stamina: 10.087960624694825
  Stream: 11.212200164794922
  Technical: 12.100500583648682
  Rate: 100
