Artist: t+pazolite / Dellvangel
AssetId: rbxassetid://10026852324
CoverImageAssetId: rbxassetid://6670190288
Description: SOUND VOLTEX III GRAVITY WARS
Filename: Angelic Jelly
HitSFXGroup: 0
Mapper: Yasi
MD5Hash: 19a37b08a2c68a7005e09603915a49d3
NotePrebufferTime: 800
TimeOffset: -117
Volume: 0.5
Difficulty:
- Overall: 21
  Chordjack: 15.03900089263916
  Handstream: 15.82199993133545
  Jack: 14.92020092010498
  Jumpstream: 24.77519302368164
  Stamina: 23.35410976409912
  Stream: 23.659194946289062
  Technical: 23.58809623718262
  Rate: 100
