Artist: Lon
AssetId: rbxassetid://10693847718
CoverImageAssetId: rbxassetid://6191658560
Description: ''
Filename: Yuru Fuwa Jukai Girl
HitSFXGroup: 0
Mapper: Yasi
MD5Hash: 8c68cc66479212d354595396cff4132f
NotePrebufferTime: 800
TimeOffset: -75
Volume: 0.5
Difficulty:
- Overall: 37
  Chordjack: 30.195902252197268
  Handstream: 30.96540184020996
  Jack: 23.67539463043213
  Jumpstream: 42.3944995880127
  Stamina: 42.35210609436035
  Stream: 37.35179901123047
  Technical: 35.95589332580567
  Rate: 100
