Artist: ''
AssetId: rbxassetid://10718926868
averageNps: 11.1875
CoverImageAssetId: rbxassetid://6575159597
Description: ''
Filename: Yuki wa Doko ni? Kimi no Mune ni!
HitSFXGroup: 0
Mapper: Yasi
maxNps: 18
MD5Hash: e2b4f2f1c9ad2294b895e59979a884c5
NotePrebufferTime: 1000
songLength: 95.025
TimeOffset: -2000
totalHolds: 0
totalNotes: 1074
Volume: 0.5
Difficulty:
- Overall: 27.41399402618408
  Chordjack: 23.701497459411623
  Handstream: 25.997394561767578
  Jack: 14.29290132522583
  Jumpstream: 27.41399402618408
  Stamina: 25.813486862182618
  Stream: 20.811597061157226
  Technical: 25.229695701599123
  Rate: 100
