Artist: ''
AssetId: rbxassetid://6497035860
CoverImageAssetId: rbxassetid://6497043601
Description: ''
Filename: Swan's Kabenari [Vibro]
HitSFXGroup: 0
Mapper: Yasi
MD5Hash: 74664a249a15a73765a43178c729776b
NotePrebufferTime: 800
TimeOffset: -75
Volume: 0.3
Difficulty:
- Overall: 53.33219604492188
  Chordjack: 50.48279571533203
  Handstream: 22.018496704101562
  Jack: 53.33219604492188
  Jumpstream: 23.103896141052246
  Stamina: 31.572664260864258
  Stream: 33.45029983520508
  Technical: 34.47629585266113
  Rate: 100
