Artist: KASAI HARCORES
AssetId: rbxassetid://8049167855
CoverImageAssetId: rbxassetid://6592908246
Description: fire
Filename: Drop The Fire
HitSFXGroup: 0
Mapper: Yasi
MD5Hash: 21255a5da0eb119663659f022d605dd8
NotePrebufferTime: 800
TimeOffset: -75
Volume: 0.5
Difficulty:
- Overall: 29
  Chordjack: 22.06439552307129
  Handstream: 27.285294342041016
  Jack: 20.22569789886475
  Jumpstream: 32.46120071411133
  Stamina: 32.42873954772949
  Stream: 29.21040458679199
  Technical: 31.217404174804688
  Rate: 100
