Artist: lifxry
AssetId: rbxassetid://13734052711
CoverImageAssetId: ''
Description: ''
Filename: NOOO MY MILJ NOO
HitSFXGroup: 0
Mapper: YasiCreeper
MD5Hash: 6b406dc87c715939a1d3bb2e9e986d2e
NotePrebufferTime: 1000
TimeOffset: -75
Volume: 0.5
Difficulty:
- Overall: 0
  Chordjack: 53.86859321594238
  Handstream: 71.58059005737304
  Jack: 41.897701263427734
  Jumpstream: 75.19498901367187
  Stamina: 72.45681152343751
  Stream: 70.79218368530273
  Technical: 66.7646987915039
  Rate: 100
