Artist: arpia97
AssetId: rbxassetid://10718717722
CoverImageAssetId: rbxassetid://8361857966
Description: ''
Filename: Sasageyo [Vibro]
HitSFXGroup: 0
Mapper: Yasi
MD5Hash: 8d5767eec92545308831fbe3425716e7
NotePrebufferTime: 800
TimeOffset: -75
Volume: 0.5
Difficulty:
- Overall: 0
  Chordjack: 39.25169906616211
  Handstream: 30.549600219726564
  Jack: 44.95949478149414
  Jumpstream: 34.442996978759766
  Stamina: 26.616022682189943
  Stream: 26.71739387512207
  Technical: 36.14489936828613
  Rate: 100
