Artist: Camellia // Wonki
AssetId: rbxassetid://10044608437
CoverImageAssetId: rbxassetid://8347390377
Description: ''
Filename: K.Y.A.F.A.
HitSFXGroup: 0
Mapper: Yasi
MD5Hash: eabaec4135ebd49d8ff3031d882e6481
NotePrebufferTime: 800
TimeOffset: -75
Volume: 0.5
Difficulty:
- Overall: 24.797696113586426
  Chordjack: 14.23530035018921
  Handstream: 13.574700164794923
  Jack: 17.241297912597656
  Jumpstream: 21.977996635437012
  Stamina: 21.751161575317383
  Stream: 23.880595207214355
  Technical: 24.797696113586426
  Rate: 100
