Artist: DJ Myosuke & Noizenecio // Mat
AssetId: rbxassetid://10026828552
CoverImageAssetId: rbxassetid://10026828552
Description: ''
Filename: Architecture
HitSFXGroup: 0
Mapper: Yasi
MD5Hash: ca5dabfc016faaace70cc0ca17e7eba3
NotePrebufferTime: 800
TimeOffset: -75
Volume: 0.5
Difficulty:
- Overall: 37.78218154907227
  Chordjack: 23.59709644317627
  Handstream: 21.214797019958496
  Jack: 21.86099739074707
  Jumpstream: 37.72529640197754
  Stamina: 36.25565528869629
  Stream: 32.085001373291014
  Technical: 35.102695083618165
  Rate: 100
