Artist: ''
AssetId: rbxassetid://248331253
CoverImageAssetId: rbxassetid://6497072204
Description: ''
Filename: unravel (TV edit)
HitSFXGroup: 0
Mapper: Yasi
MD5Hash: 69469aef2b1e50c56d3dd06f7616b96f
NotePrebufferTime: 800
TimeOffset: 1000
Volume: 0.5
Difficulty:
- Overall: 20
  Chordjack: 14.026500034332276
  Handstream: 12.654899883270264
  Jack: 12.348899745941162
  Jumpstream: 24.21899471282959
  Stamina: 22.21564464569092
  Stream: 24.04889545440674
  Technical: 23.205595207214355
  Rate: 100
