Artist: Cyranek / yasicreeper
AssetId: rbxassetid://6712754669
CoverImageAssetId: rbxassetid://6721350648
Description: Night of Stamina
Filename: Night of Euphoria (Custom)[10K SPECIAL]
HitSFXGroup: 0
Mapper: Yasi
MD5Hash: 34e5dfa46fe7671b9213e84856b8e93b
NotePrebufferTime: 800
TimeOffset: -75
Volume: 0.5
Difficulty:
- Overall: 47.27267990112305
  Chordjack: 35.41949272155762
  Handstream: 44.22329750061035
  Jack: 31.899600219726562
  Jumpstream: 46.493996429443364
  Stamina: 45.45030899047852
  Stream: 37.707295989990236
  Technical: 43.80839538574219
  Rate: 100
