Artist: ''
AssetId: rbxassetid://6494818409
CoverImageAssetId: rbxassetid://8325659945
Description: ''
Filename: Low Quality Angry Birds Theme
HitSFXGroup: 0
Mapper: Yasi
MD5Hash: 6a36d170ce19c928a1992b24b837d2fd
NotePrebufferTime: 800
TimeOffset: 0
Volume: 2
Difficulty:
- Overall: 39
  Chordjack: 26.42736854553223
  Handstream: 27.470166778564455
  Jack: 30.05617332458496
  Jumpstream: 31.155262756347657
  Stamina: 33.4969539642334
  Stream: 31.923732376098634
  Technical: 40.35904541015625
  Rate: 100
