Artist: Sonic The Hedgehog
AssetId: rbxassetid://10718724041
CoverImageAssetId: rbxassetid://6589659086
Description: ''
Filename: Crisis City
HitSFXGroup: 0
Mapper: Yasi
MD5Hash: 48af7e979da37fc4b884356c9d303777
NotePrebufferTime: 800
TimeOffset: -75
Volume: 0.5
Difficulty:
- Overall: 32.78718223571777
  Chordjack: 21.633297157287597
  Handstream: 24.1424955368042
  Jack: 17.792097473144533
  Jumpstream: 32.18040046691895
  Stamina: 31.524379348754884
  Stream: 30.61440238952637
  Technical: 30.86100082397461
  Rate: 100
