Artist: Slowless / Kobaryo
AssetId: rbxassetid://10718744302
CoverImageAssetId: rbxassetid://6581161986
Description: ''
Filename: Perfect Neglect
HitSFXGroup: 0
Mapper: Yasi
MD5Hash: 98541543120c9eadf40619ec10603cf3
NotePrebufferTime: 800
TimeOffset: -75
Volume: 0.5
Difficulty:
- Overall: 27.467993545532227
  Chordjack: 16.273798942565918
  Handstream: 20.907897377014162
  Jack: 15.273900604248047
  Jumpstream: 27.467993545532227
  Stamina: 25.993793106079103
  Stream: 25.39079647064209
  Technical: 25.829096031188964
  Rate: 100
