Artist: Laur
AssetId: rbxassetid://9513036812
CoverImageAssetId: rbxassetid://9513036812
Description: ''
Filename: Absolute Domination
HitSFXGroup: 0
Mapper: Yasi
MD5Hash: 3bb6fde5987797723294b7f31c967913
NotePrebufferTime: 800
TimeOffset: 0
Volume: 0.5
Difficulty:
- Overall: 19
  Chordjack: 15.100201606750488
  Handstream: 13.240799903869629
  Jack: 14.700599670410156
  Jumpstream: 24.731096649169924
  Stamina: 21.86407527923584
  Stream: 21.538795852661135
  Technical: 22.176897239685058
  Rate: 100
