Artist: YasiCreeper / The Prophet
AssetId: rbxassetid://3767900931
CoverImageAssetId: rbxassetid://6518917477
Description: This was suggested by iLikeBacon_Ss
Filename: wanna play? (Custom) [Hype]
HitSFXGroup: 0
Mapper: Yasi
MD5Hash: 5459f49d8517bd42743c21c1537fe774
NotePrebufferTime: 800
TimeOffset: -75
Volume: 0.6
Difficulty:
- Overall: 20
  Chordjack: 17.099097061157227
  Handstream: 19.39859561920166
  Jack: 19.73159637451172
  Jumpstream: 20.08169803619385
  Stamina: 20.859070014953613
  Stream: 20.19239730834961
  Technical: 23.791496086120606
  Rate: 100
