Artist: DJ Myosuke & Noizenecio // Mat
AssetId: rbxassetid://10026828552
CoverImageAssetId: rbxassetid://10026828552
Description: ''
Filename: Architecture
HitSFXGroup: 0
Mapper: Yasi
MD5Hash: b12cc33a053050fb94c205c0aef830a2
NotePrebufferTime: 800
TimeOffset: 350
Volume: 0.5
Difficulty:
- Overall: 46
  Chordjack: 48.6008960723877
  Handstream: 39.78449821472168
  Jack: 39.77099876403809
  Jumpstream: 43.113599395751955
  Stamina: 47.54862899780274
  Stream: 36.34199752807617
  Technical: 42.92370071411133
  Rate: 100
