Artist: YasiCreeper
AssetId: rbxassetid://2976247028
CoverImageAssetId: rbxassetid://6536334919
Description: ''
Filename: il vento d'oro (Custom)
HitSFXGroup: 0
Mapper: Yasi
MD5Hash: 52f7b43d75f4001724d1f03f9913fdb6
NotePrebufferTime: 800
TimeOffset: -75
Volume: 0.5
Difficulty:
- Overall: 34.725242614746094
  Chordjack: 28.144792556762695
  Handstream: 27.1484956741333
  Jack: 25.856094932556154
  Jumpstream: 32.55570030212402
  Stamina: 34.04711837768555
  Stream: 28.65779399871826
  Technical: 34.081196594238286
  Rate: 100
