Artist: ''
AssetId: rbxassetid://6576756421
CoverImageAssetId: rbxassetid://6576759465
Description: ''
Filename: Gurenge / Eurobeat Remix
HitSFXGroup: 0
Mapper: Yasi
MD5Hash: ccc3a25c522ce6b05b77ee13800057a9
NotePrebufferTime: 800
TimeOffset: -75
Volume: 0.5
Difficulty:
- Overall: 28
  Chordjack: 18.847796058654787
  Handstream: 21.322796058654784
  Jack: 16.49519920349121
  Jumpstream: 32.316297912597655
  Stamina: 32.283984375
  Stream: 26.7956937789917
  Technical: 28.758593559265137
  Rate: 100
