Artist: BlackYooh
AssetId: rbxassetid://10045037189
CoverImageAssetId: rbxassetid://6550165761
Description: ''
Filename: BLACK or WHITE?
HitSFXGroup: 0
Mapper: Yasi
MD5Hash: 19c4eba7a81b15363f0133d2fe8f8a9f
NotePrebufferTime: 800
TimeOffset: -75
Volume: 0.5
Difficulty:
- Overall: 37.3626033782959
  Chordjack: 26.416794204711916
  Handstream: 33.90749588012695
  Jack: 21.752097129821777
  Jumpstream: 36.888296127319336
  Stamina: 35.22043075561523
  Stream: 31.33620414733887
  Technical: 36.02429695129395
  Rate: 100
