Artist: ''
AssetId: rbxassetid://10024683187
CoverImageAssetId: rbxassetid://6491862716
Description: ''
Filename: The Empress scream off ver
HitSFXGroup: 0
Mapper: Yasi
MD5Hash: df20ec417b6094784e8ed957da692f9e
NotePrebufferTime: 800
TimeOffset: -75
Volume: 0.5
Difficulty:
- Overall: 42.2976619720459
  Chordjack: 25.066794204711915
  Handstream: 22.93019542694092
  Jack: 28.160099601745607
  Jumpstream: 27.04409465789795
  Stamina: 40.2136344909668
  Stream: 42.1883960723877
  Technical: 39.68639717102051
  Rate: 100
