Artist: DistantCry
AssetId: rbxassetid://9102975127
CoverImageAssetId: ''
Description: ''
Filename: Worst Beat Ever Created [25]
HitSFXGroup: 0
Mapper: YasiCreeper
MD5Hash: a8ef23fd8453a45c0c71e04af1eee8df
NotePrebufferTime: 1000
TimeOffset: -75
Volume: 1
Difficulty:
- Overall: 42
  Chordjack: 46.96559829711914
  Handstream: 30.0996036529541
  Jack: 27.382501029968264
  Jumpstream: 33.141597747802734
  Stamina: 44.874803924560545
  Stream: 30.45780258178711
  Technical: 34.11539840698242
  Rate: 100
