Artist: ''
AssetId: rbxassetid://3177712713
CoverImageAssetId: rbxassetid://6497064998
Description: ''
Filename: Tyler 1 (Custom) [Vibro]
HitSFXGroup: 0
Mapper: Yasi
MD5Hash: 3fcc42a4032929d0cd74c385191b02cf
NotePrebufferTime: 600
TimeOffset: -75
Volume: 0.8
Difficulty:
- Overall: 32.19281158447266
  Chordjack: 20.12797622680664
  Handstream: 19.64538459777832
  Jack: 22.221371269226076
  Jumpstream: 31.870414352416994
  Stamina: 25.168440055847167
  Stream: 24.66060733795166
  Technical: 31.199441528320314
  Rate: 100
