Artist: ''
AssetId: rbxassetid://10718922535
CoverImageAssetId: rbxassetid://6496986456
Description: ''
Filename: R4V3 B0Y [loved]
HitSFXGroup: 0
Mapper: Yasi
MD5Hash: 04a69c525a970800dc8722d4613298a3
NotePrebufferTime: 800
TimeOffset: -400
Volume: 0.5
Difficulty:
- Overall: 28.171800041198733
  Chordjack: 20.6702974319458
  Handstream: 27.533693504333495
  Jack: 17.166596031188966
  Jumpstream: 26.99909534454346
  Stamina: 25.34495258331299
  Stream: 22.033795166015626
  Technical: 27.586795234680178
  Rate: 100
