Artist: ''
AssetId: rbxassetid://10718801079
CoverImageAssetId: rbxassetid://6570872916
Description: ''
Filename: Jibaku Shounen Hanako [kun] No.7
HitSFXGroup: 0
Mapper: Yasi
MD5Hash: e766ccb83c0daafe68d5e9e16b8f332a
NotePrebufferTime: 800
TimeOffset: 0
Volume: 0.5
Difficulty:
- Overall: 33
  Chordjack: 26.049595069885253
  Handstream: 26.954094314575197
  Jack: 22.294797706604005
  Jumpstream: 35.32679901123047
  Stamina: 33.53286209106445
  Stream: 26.08469467163086
  Technical: 33.10199546813965
  Rate: 100
