Artist: Tyler1 / YasiCree
AssetId: rbxassetid://6843750681
CoverImageAssetId: rbxassetid://6564265069
Description: RRRRRRRRRRE
Filename: and his name is TYLER FUFING OOOOONEEEEEEE
HitSFXGroup: 0
Mapper: Yasi
MD5Hash: ab6353abb157d6514565199c4ab55b08
NotePrebufferTime: 800
TimeOffset: -75
Volume: 0.5
Difficulty:
- Overall: 74.6238166809082
  Chordjack: 58.21678619384766
  Handstream: 51.80942916870117
  Jack: 67.02067337036134
  Jumpstream: 74.6238166809082
  Stamina: 63.67050247192383
  Stream: 52.65727157592774
  Technical: 68.95799560546875
  Rate: 100
