Artist: ''
AssetId: rbxassetid://6577848504
CoverImageAssetId: rbxassetid://6577832503
Description: ''
Filename: If You Can't Hang
HitSFXGroup: 0
Mapper: Yasi
MD5Hash: 3f3767e765b7d983f7391a735d1bf494
NotePrebufferTime: 800
TimeOffset: -120
Volume: 0.5
Difficulty:
- Overall: 18
  Chordjack: 12.556799697875977
  Handstream: 19.957497596740723
  Jack: 12.970800590515138
  Jumpstream: 22.31279468536377
  Stamina: 19.616584968566894
  Stream: 20.660396003723147
  Technical: 21.744895935058594
  Rate: 100
