Artist: Helblinde
AssetId: rbxassetid://6782246026
CoverImageAssetId: rbxassetid://6701142828
Description: catJAM pepeJAM sillyJAM
Filename: Disconnected
HitSFXGroup: 0
Mapper: Yasi
MD5Hash: e5a8ef8d396c7d8cd325ce08b95c2e0b
NotePrebufferTime: 800
TimeOffset: -75
Volume: 0.5
Difficulty:
- Overall: 17.612098503112794
  Chordjack: 9.662400913238526
  Handstream: 9.246601867675782
  Jack: 12.348899745941162
  Jumpstream: 13.48200044631958
  Stamina: 14.185739135742187
  Stream: 17.146796607971194
  Technical: 17.612098503112794
  Rate: 100
