Artist: Shiggy Jr.
AssetId: rbxassetid://6572144158
CoverImageAssetId: rbxassetid://6570957897
Description: ''
Filename: Oyasumi
HitSFXGroup: 0
Mapper: Yasi
MD5Hash: 0feda2765366ba803357260e5d391d10
NotePrebufferTime: 800
TimeOffset: -75
Volume: 0.5
Difficulty:
- Overall: 35.66430244445801
  Chordjack: 24.407096099853515
  Handstream: 28.1141939163208
  Jack: 19.73609733581543
  Jumpstream: 34.95959815979004
  Stamina: 34.84463310241699
  Stream: 32.68529777526856
  Technical: 33.22259788513184
  Rate: 100
