Artist: KASAI HARCORES
AssetId: rbxassetid://8049167855
CoverImageAssetId: rbxassetid://6592908246
Description: fire
Filename: Drop The Fire
HitSFXGroup: 0
Mapper: Yasi
MD5Hash: 82a0f27d5fda14eb1e4282c3230d4af2
NotePrebufferTime: 800
TimeOffset: -75
Volume: 0.5
Difficulty:
- Overall: 39.240723037719725
  Chordjack: 33.1245002746582
  Handstream: 34.724696731567384
  Jack: 21.727796745300292
  Jumpstream: 38.69999313354492
  Stamina: 38.66129722595215
  Stream: 30.32640266418457
  Technical: 35.58329887390137
  Rate: 100
