Artist: Laur
AssetId: rbxassetid://9513036812
CoverImageAssetId: rbxassetid://9513036812
Description: ''
Filename: Absolute Domination
HitSFXGroup: 0
Mapper: Yasi
MD5Hash: 90a447a6979534e715900989fe166c0c
NotePrebufferTime: 800
TimeOffset: 0
Volume: 0.5
Difficulty:
- Overall: 36.55439758300781
  Chordjack: 22.663795852661135
  Handstream: 19.401297569274902
  Jack: 20.649596786499025
  Jumpstream: 36.55439758300781
  Stamina: 33.760903930664064
  Stream: 32.34330024719238
  Technical: 31.828501510620118
  Rate: 100
