Artist: Chronoshift // YasiCreeper
AssetId: rbxassetid://5926268911
CoverImageAssetId: rbxassetid://8371867270
Description: ''
Filename: Chronoshift Dance [Custom]
HitSFXGroup: 0
Mapper: Yasi
MD5Hash: 6e483c31ab8757c4e523e18e3e5ad2d7
NotePrebufferTime: 800
TimeOffset: -75
Volume: 0.5
Difficulty:
- Overall: 10.317864990234375
  Chordjack: 5.82867922782898
  Handstream: 7.89070873260498
  Jack: 6.07919282913208
  Jumpstream: 9.910824966430665
  Stamina: 8.56346254348755
  Stream: 10.235739612579346
  Technical: 10.221613597869874
  Rate: 100
