Artist: ''
AssetId: rbxassetid://10046369044
CoverImageAssetId: rbxassetid://6577396249
Description: ''
Filename: Bad Apple!! feat.nomico (Camellia's Bad Psy Remix)
HitSFXGroup: 0
Mapper: Yasi
MD5Hash: c8bf90d3da467aa45fdda5d190e4d640
NotePrebufferTime: 800
TimeOffset: -125
Volume: 0.5
Difficulty:
- Overall: 42.97698097229004
  Chordjack: 35.89559898376465
  Handstream: 41.15339813232422
  Jack: 27.755993270874026
  Jumpstream: 41.523294067382814
  Stamina: 41.48177261352539
  Stream: 35.097298049926756
  Technical: 39.8411979675293
  Rate: 100
