Artist: MisoilePunch
AssetId: rbxassetid://10718829816
CoverImageAssetId: rbxassetid://6814355920
Description: This was made by Jian_awsome
Filename: Fin.ArcDeaR (jian osu mode) [Hard]
HitSFXGroup: 0
Mapper: Yasi
MD5Hash: 8e67d8851d458c7d8f8b04f216a672e0
NotePrebufferTime: 780
TimeOffset: -75
Volume: 0.45
Difficulty:
- Overall: 32
  Chordjack: 18.756897926330566
  Handstream: 18.97379722595215
  Jack: 27.786595344543457
  Jumpstream: 27.259193229675294
  Stamina: 26.814322471618652
  Stream: 28.98090362548828
  Technical: 32.56469535827637
  Rate: 100
