Artist: Laur
AssetId: rbxassetid://9513036812
CoverImageAssetId: rbxassetid://9513036812
Description: ''
Filename: Absolute Domination
HitSFXGroup: 0
Mapper: Yasi
MD5Hash: 01808f8e3db61a4eb5c582d3a01e2097
NotePrebufferTime: 800
TimeOffset: 500
Volume: 0.5
Difficulty:
- Overall: 11
  Chordjack: 6.101100254058838
  Handstream: 6.177600288391114
  Jack: 4.98240065574646
  Jumpstream: 9.41400089263916
  Stamina: 9.066856956481933
  Stream: 10.393201160430909
  Technical: 11.049300384521485
  Rate: 100
