Artist: "Camellia[\u304B\u3081\u308A\u3042] // _Y u r i_"
AssetId: rbxassetid://4532131777
CoverImageAssetId: rbxassetid://8361987872
Description: ''
Filename: We Could Get More Machinegun Psystyle!
HitSFXGroup: 0
Mapper: Yasi
MD5Hash: 3d65ee9919e87dcfa2cf0621c4a79553
NotePrebufferTime: 800
TimeOffset: -400
Volume: 0.5
Difficulty:
- Overall: 34
  Chordjack: 28.50659637451172
  Handstream: 33.67079887390137
  Jack: 24.38009548187256
  Jumpstream: 38.648693847656254
  Stamina: 38.610046005249025
  Stream: 34.12529983520508
  Technical: 36.44639854431153
  Rate: 100
