Artist: YasiCreeper
AssetId: rbxassetid://3198684276
CoverImageAssetId: rbxassetid://6504058192
Description: BRUH this is not poggers get owned clown
Filename: Circus Theme (Custom)
HitSFXGroup: 0
Mapper: Yasi
MD5Hash: 6c326d4b937d9c4adfcce7893c3622ab
NotePrebufferTime: 800
TimeOffset: -75
Volume: 0.5
Difficulty:
- Overall: 26.08505516052246
  Chordjack: 16.034506416320802
  Handstream: 15.288677215576172
  Jack: 22.50688705444336
  Jumpstream: 25.206394386291503
  Stamina: 21.36310901641846
  Stream: 20.470705032348633
  Technical: 26.08505516052246
  Rate: 100
