Artist: ''
AssetId: rbxassetid://10024683187
CoverImageAssetId: rbxassetid://6491862716
Description: ''
Filename: The Empress scream off ver
HitSFXGroup: 0
Mapper: Yasi
MD5Hash: 2e0b3664db4ac7250b21cda5a55fca9e
NotePrebufferTime: 800
TimeOffset: -75
Volume: 0.5
Difficulty:
- Overall: 31
  Chordjack: 20.097897720336913
  Handstream: 23.761795234680175
  Jack: 19.429199409484863
  Jumpstream: 31.583702087402344
  Stamina: 30.042471313476565
  Stream: 31.851002883911132
  Technical: 31.473900604248048
  Rate: 100
