Artist: xi
AssetId: rbxassetid://10718747909
CoverImageAssetId: rbxassetid://6572797234
Description: ''
Filename: Titania
HitSFXGroup: 0
Mapper: Yasi
MD5Hash: 5d28ca7d11adbfa730dce167f9f7caf2
NotePrebufferTime: 800
TimeOffset: -75
Volume: 0.5
Difficulty:
- Overall: 33.08688583374023
  Chordjack: 22.632297706604003
  Handstream: 28.212294960021975
  Jack: 16.366499519348146
  Jumpstream: 31.980600357055664
  Stamina: 28.888858795166016
  Stream: 31.305600357055663
  Technical: 32.744699478149414
  Rate: 100
