Artist: YasiCreeper
AssetId: rbxassetid://3837246595
CoverImageAssetId: rbxassetid://6552823211
Description: ''
Filename: Gravity Falls64 (Custom)
HitSFXGroup: 0
Mapper: Yasi
MD5Hash: 95007ac53d7af84addc0f3a5acbcd905
NotePrebufferTime: 800
TimeOffset: -75
Volume: 0.5
Difficulty:
- Overall: 7
  Chordjack: 4.8805316448211675
  Handstream: 5.735456371307373
  Jack: 5.522941303253174
  Jumpstream: 6.911585712432862
  Stamina: 7.285010147094726
  Stream: 8.994551467895509
  Technical: 9.84460744857788
  Rate: 100
