Artist: YUC'e
AssetId: rbxassetid://10693797352
CoverImageAssetId: rbxassetid://6491855404
Description: mapped by [PTS]Herarudo
Filename: Night Club Junkie
HitSFXGroup: 0
Mapper: Yasi
MD5Hash: cd1c29e8d19a61ca288a227ecc53754c
NotePrebufferTime: 800
TimeOffset: -75
Volume: 0.5
Difficulty:
- Overall: 30.857402801513672
  Chordjack: 22.133696937561037
  Handstream: 25.019994163513186
  Jack: 16.496098709106445
  Jumpstream: 30.34530258178711
  Stamina: 27.17387924194336
  Stream: 26.58779468536377
  Technical: 30.857402801513672
  Rate: 100
