Artist: Laur
AssetId: rbxassetid://9513036812
CoverImageAssetId: rbxassetid://9513036812
Description: ''
Filename: Absolute Domination
HitSFXGroup: 0
Mapper: Yasi
MD5Hash: 34fe0beb49ce18ca286c21c016e57e97
NotePrebufferTime: 800
TimeOffset: 470
Volume: 0.5
Difficulty:
- Overall: 13
  Chordjack: 10.077300453186036
  Handstream: 9.121501064300537
  Jack: 10.989000034332276
  Jumpstream: 14.298301792144775
  Stamina: 13.914024925231933
  Stream: 16.41599807739258
  Technical: 16.298997116088866
  Rate: 100
