Artist: ''
AssetId: rbxassetid://6577848504
CoverImageAssetId: rbxassetid://6577832503
Description: ''
Filename: If You Can't Hang
HitSFXGroup: 0
Mapper: Yasi
MD5Hash: c6f925634e2397dca1e30303901708c6
NotePrebufferTime: 800
TimeOffset: -120
Volume: 0.5
Difficulty:
- Overall: 29.610358428955077
  Chordjack: 25.064093971252444
  Handstream: 25.20989456176758
  Jack: 17.690396690368654
  Jumpstream: 29.2968017578125
  Stamina: 29.267506027221682
  Stream: 21.783595275878906
  Technical: 27.27359390258789
  Rate: 100
