Artist: not_dinoo / YasiCreeper / Haywyre
AssetId: rbxassetid://1452831919
CoverImageAssetId: rbxassetid://6558121444
Description: This map was mapped by not_dinoo
Filename: Insight (Custom)
HitSFXGroup: 0
Mapper: Yasi
MD5Hash: 07bd9e43b90b693e61f724eba80d64cc
NotePrebufferTime: 800
TimeOffset: -375
Volume: 0.5
Difficulty:
- Overall: 30.38957748413086
  Chordjack: 28.873804092407227
  Handstream: 27.82529468536377
  Jack: 22.03109664916992
  Jumpstream: 30.249003982543947
  Stamina: 28.224736976623536
  Stream: 23.777996635437013
  Technical: 28.174498558044434
  Rate: 100
