Artist: Gregorius12 / inabakumori
AssetId: rbxassetid://5580376560
CoverImageAssetId: rbxassetid://6558961421
Description: Lost Umbrella is a song featuring Kaai Yuki by inaba cumori. This song
  has entered the Hall of Fame, exceeded over 1 million YouTube views, and 100,000
  views on bilibli. Hence, this is one of inaba cumori's most notable songs.
Filename: "Lost Umbrella \u30ED\u30B9\u30C8\u30A2\u30F3\u30D6\u30EC\u30E9 [LN]"
HitSFXGroup: 0
Mapper: Yasi
MD5Hash: 41f497216e8ff35976bd9fa6acfe3857
NotePrebufferTime: 800
TimeOffset: -225
Volume: 0.5
Difficulty:
- Overall: 28
  Chordjack: 21.67019577026367
  Handstream: 23.97509651184082
  Jack: 19.000796127319337
  Jumpstream: 31.327198791503907
  Stamina: 31.174214172363282
  Stream: 24.7859956741333
  Technical: 27.36269302368164
  Rate: 100
