Artist: Camellia // Wonki
AssetId: rbxassetid://10044608437
CoverImageAssetId: rbxassetid://8347390377
Description: ''
Filename: K.Y.A.F.A.
HitSFXGroup: 0
Mapper: Yasi
MD5Hash: 169bbafafb2c2bcc60a1acfa8a32825d
NotePrebufferTime: 800
TimeOffset: -75
Volume: 0.5
Difficulty:
- Overall: 37.48248138427734
  Chordjack: 24.449393463134765
  Handstream: 27.99719295501709
  Jack: 23.831996154785156
  Jumpstream: 36.18809623718262
  Stamina: 36.1944580078125
  Stream: 33.421498489379886
  Technical: 36.42210159301758
  Rate: 100
