Artist: YasiCreeper / Sheet Music Boss
AssetId: rbxassetid://10718951282
CoverImageAssetId: rbxassetid://6497392552
Description: ''
Filename: "Rush \U0001F171 [Crap]"
HitSFXGroup: 0
Mapper: Yasi
MD5Hash: be3a4d807342c25d9976d0a96d8c6934
NotePrebufferTime: 800
TimeOffset: -400
Volume: 0.5
Difficulty:
- Overall: 23.92199821472168
  Chordjack: 17.590496635437013
  Handstream: 19.68659534454346
  Jack: 17.792097473144533
  Jumpstream: 22.391096305847167
  Stamina: 19.725613975524904
  Stream: 21.141895866394044
  Technical: 23.92199821472168
  Rate: 100
