Artist: ''
AssetId: rbxassetid://10718910842
CoverImageAssetId: rbxassetid://6578049013
Description: ''
Filename: Mopemope
HitSFXGroup: 0
Mapper: Yasi
MD5Hash: 3a78d94df76c39ad6d8a964e2b5f3175
NotePrebufferTime: 800
TimeOffset: -1400
Volume: 0.5
Difficulty:
- Overall: 19
  Chordjack: 15.430500411987305
  Handstream: 19.94399642944336
  Jack: 16.107299423217775
  Jumpstream: 23.377496910095214
  Stamina: 20.194431495666503
  Stream: 21.28949718475342
  Technical: 24.182097816467287
  Rate: 100
