Artist: BlackYooh
AssetId: rbxassetid://10045037189
CoverImageAssetId: rbxassetid://6550165761
Description: ''
Filename: BLACK or WHITE?
HitSFXGroup: 0
Mapper: Yasi
MD5Hash: 134c4aecb09c55f731e89fc21471e2b7
NotePrebufferTime: 800
TimeOffset: -75
Volume: 0.5
Difficulty:
- Overall: 34.565401840209965
  Chordjack: 21.953696250915527
  Handstream: 27.435594177246095
  Jack: 19.08809795379639
  Jumpstream: 34.31069412231445
  Stamina: 32.25696144104004
  Stream: 31.129201126098632
  Technical: 33.532199478149415
  Rate: 100
