Artist: Shiraishi
AssetId: rbxassetid://10718727810
CoverImageAssetId: rbxassetid://6593395732
Description: Feel it
Filename: Shinsekai
HitSFXGroup: 0
Mapper: Yasi
MD5Hash: 879bfdf3e6d497c2f55efabc1fef2950
NotePrebufferTime: 800
TimeOffset: -600
Volume: 0.5
Difficulty:
- Overall: 41.07239799499512
  Chordjack: 22.97699718475342
  Handstream: 30.696302032470705
  Jack: 24.481794548034667
  Jumpstream: 32.449496841430665
  Stamina: 36.575113677978514
  Stream: 39.23999862670899
  Technical: 41.07239799499512
  Rate: 100
