Artist: ''
AssetId: rbxassetid://10718831118
CoverImageAssetId: rbxassetid://6572917046
Description: ''
Filename: Time to Air
HitSFXGroup: 0
Mapper: Yasi
MD5Hash: 04183e0284ff6138fbeaa611debbfefe
NotePrebufferTime: 800
TimeOffset: -75
Volume: 0.5
Difficulty:
- Overall: 30
  Chordjack: 30.283202362060546
  Handstream: 28.52549457550049
  Jack: 23.762694740295412
  Jumpstream: 32.07959747314453
  Stamina: 30.453538513183595
  Stream: 25.33319549560547
  Technical: 30.87360076904297
  Rate: 100
