Artist: FIKI
AssetId: rbxassetid://12144007878
CoverImageAssetId: rbxassetid://12144030187
Description: ''
Filename: brr shikiri bi dop dop yes yes real!!!11!1
HitSFXGroup: 0
Mapper: YasiCreeper
MD5Hash: 86130a7c25fbfe9d9ae4f14270596c49
NotePrebufferTime: 1000
TimeOffset: -75
Volume: 0.5
Difficulty:
- Overall: 36.27129020690918
  Chordjack: 23.74494323730469
  Handstream: 21.293766403198244
  Jack: 22.270923042297365
  Jumpstream: 34.1185604095459
  Stamina: 32.638557815551756
  Stream: 36.23269729614258
  Technical: 34.40922088623047
  Rate: 100
