Artist: ''
AssetId: rbxassetid://10718917720
CoverImageAssetId: rbxassetid://6504609919
Description: ''
Filename: NANO DEATH!!!
HitSFXGroup: 0
Mapper: Yasi
MD5Hash: 21624ed5ad3f09474fdbfff10a45f490
NotePrebufferTime: 800
TimeOffset: -92
Volume: 1
Difficulty:
- Overall: 15.266699409484863
  Chordjack: 8.35560121536255
  Handstream: 8.127900981903077
  Jack: 10.404899883270264
  Jumpstream: 14.26770315170288
  Stamina: 12.897818756103517
  Stream: 13.81950044631958
  Technical: 15.266699409484863
  Rate: 100
