Artist: ''
AssetId: rbxassetid://10718906568
CoverImageAssetId: rbxassetid://6592847915
Description: ''
Filename: Heart Function
HitSFXGroup: 0
Mapper: Yasi
MD5Hash: abe41e33fb6e29da97725beb0588574d
NotePrebufferTime: 800
TimeOffset: -75
Volume: 0.5
Difficulty:
- Overall: 16.99739799499512
  Chordjack: 9.352801036834718
  Handstream: 9.07199993133545
  Jack: 12.629699993133546
  Jumpstream: 15.25950164794922
  Stamina: 14.442486190795899
  Stream: 16.001097679138184
  Technical: 16.99739799499512
  Rate: 100
