Artist: ASH / YasiCreeper
AssetId: rbxassetid://5914756563
CoverImageAssetId: rbxassetid://6565809574
Description: ''
Filename: Sugarcrash (Custom)
HitSFXGroup: 0
Mapper: Yasi
MD5Hash: dd3ce30363071650679b5ed5d80c2360
NotePrebufferTime: 800
TimeOffset: -75
Volume: 0.5
Difficulty:
- Overall: 26.308795166015624
  Chordjack: 20.68019714355469
  Handstream: 16.682397651672364
  Jack: 22.682695770263674
  Jumpstream: 24.01109561920166
  Stamina: 22.936150360107423
  Stream: 18.474298667907714
  Technical: 26.308795166015624
  Rate: 100
