Artist: Silvia
AssetId: rbxassetid://10697954818
CoverImageAssetId: ''
Description: ''
Filename: Vertex BETA
HitSFXGroup: 0
Mapper: kasam53
MD5Hash: 3bacc4ac4c016700afbb94b0e3c380d6
NotePrebufferTime: 1000
TimeOffset: -75
Volume: 0.5
Difficulty:
- Overall: 0
  Chordjack: 70.45198516845703
  Handstream: 35.342097473144534
  Jack: 39.618003845214844
  Jumpstream: 55.39949340820313
  Stamina: 65.43284683227539
  Stream: 38.27879791259766
  Technical: 42.668096923828124
  Rate: 100
