Artist: t+pazolite / Dellvangel
AssetId: rbxassetid://10026852324
CoverImageAssetId: rbxassetid://6670190288
Description: SOUND VOLTEX III GRAVITY WARS
Filename: Angelic Jelly
HitSFXGroup: 0
Mapper: Yasi
MD5Hash: 43dbfed0e090e3ea44236d83e54b206d
NotePrebufferTime: 800
TimeOffset: -117
Volume: 0.5
Difficulty:
- Overall: 10.716299629211425
  Chordjack: 6.37469973564148
  Handstream: 5.726700353622436
  Jack: 4.702500343322754
  Jumpstream: 9.226801586151124
  Stamina: 9.139777851104737
  Stream: 10.716299629211425
  Technical: 10.670399951934815
  Rate: 100
