Artist: Sonic The Hedgehog
AssetId: rbxassetid://10718724041
CoverImageAssetId: rbxassetid://6589659086
Description: ''
Filename: Crisis City
HitSFXGroup: 0
Mapper: Yasi
MD5Hash: cef3c853cf8517781401dcbbb13757ea
NotePrebufferTime: 800
TimeOffset: -75
Volume: 0.5
Difficulty:
- Overall: 31.30866279602051
  Chordjack: 19.188897514343264
  Handstream: 16.676997184753418
  Jack: 27.040494918823242
  Jumpstream: 23.48009548187256
  Stamina: 26.829816627502442
  Stream: 30.952798461914064
  Technical: 31.155300521850588
  Rate: 100
