Artist: puxtu / Masa
AssetId: rbxassetid://6578172611
CoverImageAssetId: rbxassetid://6578151454
Description: ''
Filename: "Kitsune no Yomeiri \u72D0\u306E\u5AC1\u5165\u308A"
HitSFXGroup: 0
Mapper: Yasi
MD5Hash: 15c74b9520459f00e5a0fce392489214
NotePrebufferTime: 800
TimeOffset: -75
Volume: 0.5
Difficulty:
- Overall: 38.241719055175786
  Chordjack: 23.453996086120608
  Handstream: 35.33669357299805
  Jack: 25.740894699096682
  Jumpstream: 36.57419700622559
  Stamina: 36.34425315856934
  Stream: 33.95249519348145
  Technical: 37.538099670410155
  Rate: 100
