Artist: "\u9ED2\u7687\u5E1D / Kurokotei"
AssetId: rbxassetid://4547684493
CoverImageAssetId: rbxassetid://6536317891
Description: This is the Original Galaxy Collapse!
Filename: Galaxy Collapse
HitSFXGroup: 0
Mapper: Yasi
MD5Hash: 32cec138ae8779857c258c7f89f7019e
NotePrebufferTime: 800
TimeOffset: -75
Volume: 0.5
Difficulty:
- Overall: 43
  Chordjack: 38.411097335815434
  Handstream: 33.463799285888676
  Jack: 25.904704284667968
  Jumpstream: 41.29469604492188
  Stamina: 41.25340461730957
  Stream: 30.92670249938965
  Technical: 39.58109664916992
  Rate: 100
