Artist: ''
AssetId: rbxassetid://1275198039
CoverImageAssetId: rbxassetid://6598389936
Description: ''
Filename: STOP I COULD'VE DROPPED MY CROISSANT (Custom)
HitSFXGroup: 0
Mapper: Yasi
MD5Hash: 1522906cbe233dac8f6cb3e942fffc22
NotePrebufferTime: 800
TimeOffset: -75
Volume: 0.5
Difficulty:
- Overall: 3
  Chordjack: 2.994440245628357
  Handstream: 3.4120112657546997
  Jack: 4.512217998504639
  Jumpstream: 5.048470115661622
  Stamina: 5.302513504028321
  Stream: 4.955449390411377
  Technical: 6.565372610092163
  Rate: 100
