Artist: Slowless / Kobaryo
AssetId: rbxassetid://10718744302
CoverImageAssetId: rbxassetid://6581161986
Description: ''
Filename: Perfect Neglect
HitSFXGroup: 0
Mapper: Yasi
MD5Hash: 2e86fcd1529e7441081235efad44ba03
NotePrebufferTime: 800
TimeOffset: -75
Volume: 0.5
Difficulty:
- Overall: 36
  Chordjack: 35.850603103637695
  Handstream: 38.53439826965332
  Jack: 23.682597541809084
  Jumpstream: 37.011597061157225
  Stamina: 36.83606986999512
  Stream: 28.36619281768799
  Technical: 37.32839813232422
  Rate: 100
