Artist: ''
AssetId: rbxassetid://518993583
CoverImageAssetId: rbxassetid://6491766051
Description: ''
Filename: Oshama Scramble!
HitSFXGroup: 0
Mapper: Yasi
MD5Hash: 06f65593c9654346ef1d962b14fa5f18
NotePrebufferTime: 800
TimeOffset: 400
Volume: 0.5
Difficulty:
- Overall: 24
  Chordjack: 18.12059726715088
  Handstream: 19.89719638824463
  Jack: 14.422499656677246
  Jumpstream: 29.898001098632815
  Stamina: 28.823139953613282
  Stream: 26.828994369506837
  Technical: 27.69569549560547
  Rate: 100
