Artist: The Only Volume / Minec133_Yeah
AssetId: rbxassetid://6739823506
CoverImageAssetId: rbxassetid://6739887972
Description: e e e o a e  a  eo
Filename: Wii Funkin' (OST) [Boxing Match]
HitSFXGroup: 0
Mapper: Yasi
MD5Hash: a7966ee7de8602bbcc064a54fd123b01
NotePrebufferTime: 800
TimeOffset: -75
Volume: 0.5
Difficulty:
- Overall: 38.20176315307617
  Chordjack: 22.80509548187256
  Handstream: 21.097796058654787
  Jack: 23.78159465789795
  Jumpstream: 34.78319549560547
  Stamina: 34.72551383972168
  Stream: 37.602898406982426
  Technical: 37.58309555053711
  Rate: 100
