Artist: xi
AssetId: rbxassetid://10718747909
CoverImageAssetId: rbxassetid://6572797234
Description: ''
Filename: Titania
HitSFXGroup: 0
Mapper: Yasi
MD5Hash: c2193f18bcb84eae395f922b787f3675
NotePrebufferTime: 800
TimeOffset: -75
Volume: 0.5
Difficulty:
- Overall: 12.035700130462647
  Chordjack: 6.701400089263916
  Handstream: 6.397199821472168
  Jack: 4.8321003913879395
  Jumpstream: 12.035700130462647
  Stamina: 10.828809928894044
  Stream: 11.678400707244874
  Technical: 11.699100494384766
  Rate: 100
