Artist: YasiCreeper / Dog
AssetId: rbxassetid://10718716937
CoverImageAssetId: rbxassetid://6497021125
Description: ''
Filename: "Gabe Power \U0001F436 [Vibro]"
HitSFXGroup: 0
Mapper: Yasi
MD5Hash: 0da024d6b2219dac88ed35653db30980
NotePrebufferTime: 800
TimeOffset: -200
Volume: 0.5
Difficulty:
- Overall: 48.3278377532959
  Chordjack: 26.04555072784424
  Handstream: 20.085567283630372
  Jack: 48.3278377532959
  Jumpstream: 30.303722763061526
  Stamina: 28.61007900238037
  Stream: 30.612332153320313
  Technical: 33.67818031311035
  Rate: 100
