Artist: YasiCreeper
AssetId: rbxassetid://5356051569
CoverImageAssetId: rbxassetid://6491868032
Description: ''
Filename: Putin Walk [w i d e]
HitSFXGroup: 0
Mapper: Yasi
MD5Hash: d82ff9b72bc38d0d8bd44cb43ee5f658
NotePrebufferTime: 800
TimeOffset: -200
Volume: 0.5
Difficulty:
- Overall: 10.119699096679687
  Chordjack: 5.823451280593872
  Handstream: 5.463479518890381
  Jack: 5.6385050296783445
  Jumpstream: 10.119699096679687
  Stamina: 8.478689289093017
  Stream: 8.756806468963623
  Technical: 9.015573120117187
  Rate: 100
