Artist: Helblinde
AssetId: rbxassetid://6782246026
CoverImageAssetId: rbxassetid://6701142828
Description: catJAM pepeJAM sillyJAM
Filename: Disconnected
HitSFXGroup: 0
Mapper: Yasi
MD5Hash: 358426c5e97cbcc2c7b52bbf9d1cdc68
NotePrebufferTime: 800
TimeOffset: -75
Volume: 0.5
Difficulty:
- Overall: 42.437521362304686
  Chordjack: 28.288794136047365
  Handstream: 39.946498489379884
  Jack: 22.816795921325685
  Jumpstream: 41.95799903869629
  Stamina: 40.88093032836914
  Stream: 36.40049629211426
  Technical: 36.41489868164063
  Rate: 100
