Artist: ''
AssetId: rbxassetid://3108634904
CoverImageAssetId: rbxassetid://6593414524
Description: ''
Filename: Water Horizon
HitSFXGroup: 0
Mapper: Yasi
MD5Hash: 307e04d185f089064774e12329c495bc
NotePrebufferTime: 800
TimeOffset: -75
Volume: 0.5
Difficulty:
- Overall: 22
  Chordjack: 19.752297019958498
  Handstream: 23.788795852661135
  Jack: 14.552098846435547
  Jumpstream: 27.374393463134766
  Stamina: 26.03503303527832
  Stream: 22.963497734069826
  Technical: 26.584193229675293
  Rate: 100
