Artist: antiPLUR / Arthur Esvael / arabic guy with horse kekw
AssetId: rbxassetid://6659705833
CoverImageAssetId: rbxassetid://6659732696
Description: twitch.tv/sillyfangirl
Filename: Speed of Link (SEGURA!)
HitSFXGroup: 0
Mapper: Yasi
MD5Hash: 53ef8429220ba207df10a5ea82cb6925
NotePrebufferTime: 800
TimeOffset: 0
Volume: 0.5
Difficulty:
- Overall: 37.51023559570313
  Chordjack: 24.692349243164063
  Handstream: 20.83047981262207
  Jack: 24.196979141235353
  Jumpstream: 36.12966957092285
  Stamina: 30.207970046997072
  Stream: 36.20515251159668
  Technical: 36.487549209594725
  Rate: 100
