Artist: ''
AssetId: rbxassetid://4902934845
CoverImageAssetId: rbxassetid://6579771943
Description: loues countreoul
Filename: Music Makes you lose controll [undertale] (Custom)
HitSFXGroup: 0
Mapper: Yasi
MD5Hash: c32739dfa41e234dc720f11bc61f6e33
NotePrebufferTime: 800
TimeOffset: -75
Volume: 0.5
Difficulty:
- Overall: 39
  Chordjack: 20.22407569885254
  Handstream: 18.556287574768067
  Jack: 20.795126152038574
  Jumpstream: 27.121230697631837
  Stamina: 33.922214126586915
  Stream: 35.30223083496094
  Technical: 42.75260581970215
  Rate: 100
