Artist: ''
AssetId: rbxassetid://10718906568
CoverImageAssetId: rbxassetid://6592847915
Description: ''
Filename: Heart Function
HitSFXGroup: 0
Mapper: Yasi
MD5Hash: fed2be5ac5c29b89774872952b005b29
NotePrebufferTime: 800
TimeOffset: -75
Volume: 0.5
Difficulty:
- Overall: 27
  Chordjack: 21.92849636077881
  Handstream: 26.88299388885498
  Jack: 17.376297569274904
  Jumpstream: 30.588299560546876
  Stamina: 28.304314041137697
  Stream: 27.02519474029541
  Technical: 29.04210433959961
  Rate: 100
