Artist: ''
AssetId: rbxassetid://10027246828
CoverImageAssetId: rbxassetid://6491875722
Description: ''
Filename: AO-INFINITY [loved]
HitSFXGroup: 0
Mapper: Yasi
MD5Hash: 491a525cba8e29ebcee542dd46e9b595
NotePrebufferTime: 800
TimeOffset: -75
Volume: 0.5
Difficulty:
- Overall: 38.385897445678715
  Chordjack: 26.556294822692873
  Handstream: 27.637193298339845
  Jack: 22.85189723968506
  Jumpstream: 38.385897445678715
  Stamina: 36.33640480041504
  Stream: 32.139902114868164
  Technical: 32.17320098876953
  Rate: 100
