Artist: YasiCreeper
AssetId: rbxassetid://10719031675
CoverImageAssetId: rbxassetid://6497514939
Description: ''
Filename: "Wii Channel \U0001F6D2 (Custom)"
HitSFXGroup: 0
Mapper: Yasi
MD5Hash: 817b42ee4515a1e478c717ef9eced951
NotePrebufferTime: 800
TimeOffset: -75
Volume: 0.5
Difficulty:
- Overall: 10
  Chordjack: 4.741200971603393
  Handstream: 5.412600374221802
  Jack: 13.381200027465821
  Jumpstream: 7.379102039337158
  Stamina: 7.921671295166016
  Stream: 8.742601490020752
  Technical: 11.383199787139892
  Rate: 100
