Artist: ''
AssetId: rbxassetid://10718831118
CoverImageAssetId: rbxassetid://6572917046
Description: ''
Filename: Time to Air
HitSFXGroup: 0
Mapper: Yasi
MD5Hash: a891dfe13c83359b49596ffc80c6f76d
NotePrebufferTime: 800
TimeOffset: -75
Volume: 0.5
Difficulty:
- Overall: 24.188394355773926
  Chordjack: 14.184000205993653
  Handstream: 15.177600288391114
  Jack: 15.977700233459473
  Jumpstream: 24.188394355773926
  Stamina: 22.45770092010498
  Stream: 21.195897102355957
  Technical: 22.687195014953613
  Rate: 100
