Artist: Helblinde
AssetId: rbxassetid://6782246026
CoverImageAssetId: rbxassetid://6701142828
Description: catJAM pepeJAM sillyJAM
Filename: Disconnected
HitSFXGroup: 0
Mapper: Yasi
MD5Hash: c970e5776250ad829beb9bc1f98dde8f
NotePrebufferTime: 800
TimeOffset: -75
Volume: 0.5
Difficulty:
- Overall: 28
  Chordjack: 22.256996154785156
  Handstream: 20.953796195983887
  Jack: 17.377198791503908
  Jumpstream: 30.54060173034668
  Stamina: 27.175530624389648
  Stream: 28.524598503112795
  Technical: 30.134701538085938
  Rate: 100
