Artist: The Quick Brown Fox
AssetId: rbxassetid://6112243873
CoverImageAssetId: rbxassetid://6558198119
Description: ''
Filename: The Big Black
HitSFXGroup: 0
Mapper: Yasi
MD5Hash: 5f2d35544ed98cd3288142f5ed4a6272
NotePrebufferTime: 800
TimeOffset: -118
Volume: 0.5
Difficulty:
- Overall: 32.56740760803223
  Chordjack: 20.140198516845704
  Handstream: 19.181698036193847
  Jack: 20.051095962524414
  Jumpstream: 31.244399642944337
  Stamina: 28.16388988494873
  Stream: 30.78720359802246
  Technical: 32.40809898376465
  Rate: 100
