Artist: xi
AssetId: rbxassetid://10718747909
CoverImageAssetId: rbxassetid://6572797234
Description: ''
Filename: Titania
HitSFXGroup: 0
Mapper: Yasi
MD5Hash: ddecb270657d75a81c46d59c11b67a52
NotePrebufferTime: 800
TimeOffset: -75
Volume: 0.5
Difficulty:
- Overall: 20.06009616851807
  Chordjack: 11.692800521850586
  Handstream: 10.051201057434083
  Jack: 10.264500617980957
  Jumpstream: 20.06009616851807
  Stamina: 18.554737472534182
  Stream: 18.092698860168458
  Technical: 18.613797569274904
  Rate: 100
