Artist: nintendo
AssetId: rbxassetid://1239121463
CoverImageAssetId: rbxassetid://8325886291
Description: lol
Filename: Slider Mario 64
HitSFXGroup: 0
Mapper: Yasi
MD5Hash: 1b6f4c056c122403f8f87d9de172bfa5
NotePrebufferTime: 800
TimeOffset: 200
Volume: 1
Difficulty:
- Overall: 32
  Chordjack: 24.430495262145996
  Handstream: 24.282895660400392
  Jack: 20.728797912597656
  Jumpstream: 36.845998764038086
  Stamina: 34.37367324829102
  Stream: 29.68740348815918
  Technical: 30.156299972534182
  Rate: 100
