Artist: ''
AssetId: rbxassetid://9512620160
CoverImageAssetId: rbxassetid://9512620160
Description: Impossible Version
Filename: A Lasting Promise (Impossible)
HitSFXGroup: 0
Mapper: Yasi
MD5Hash: 19313274b217bea6491ea13ef51af897
NotePrebufferTime: 800
TimeOffset: 150
Volume: 0.5
Difficulty:
- Overall: 47
  Chordjack: 29.597404861450197
  Handstream: 28.177193641662598
  Jack: 49.98599739074707
  Jumpstream: 39.14280395507813
  Stamina: 29.59171257019043
  Stream: 35.39429626464844
  Technical: 42.72389717102051
  Rate: 100
