Artist: YasiCreeper / FingerDead
AssetId: rbxassetid://607214641
CoverImageAssetId: rbxassetid://6491755160
Description: ''
Filename: Gems Pack 12 - LN Master 4th [vibro]
HitSFXGroup: 0
Mapper: Yasi
MD5Hash: d4e7abe8ad13cad1d50987e768a1b5ea
NotePrebufferTime: 800
TimeOffset: 200
Volume: 0.5
Difficulty:
- Overall: 53.55629653930664
  Chordjack: 40.03919563293457
  Handstream: 47.777395248413086
  Jack: 37.68030052185059
  Jumpstream: 45.62999725341797
  Stamina: 45.39657211303711
  Stream: 40.28400192260742
  Technical: 53.55629653930664
  Rate: 100
