Artist: Mike Geno // Enavoid
AssetId: rbxassetid://6682603897
CoverImageAssetId: rbxassetid://8361777132
Description: ''
Filename: Zavodila Bass Boosted
HitSFXGroup: 0
Mapper: Yasi
MD5Hash: ba42f05bcb20f5c429d20f520218feca
NotePrebufferTime: 800
TimeOffset: -75
Volume: 0.5
Difficulty:
- Overall: 20
  Chordjack: 18.938697624206544
  Handstream: 16.449300384521486
  Jack: 18.529197692871094
  Jumpstream: 21.8285945892334
  Stamina: 22.59099769592285
  Stream: 19.904397583007814
  Technical: 24.228894424438476
  Rate: 100
