Artist: ''
AssetId: rbxassetid://248331253
CoverImageAssetId: rbxassetid://6497072204
Description: ''
Filename: unravel (TV edit)
HitSFXGroup: 0
Mapper: Yasi
MD5Hash: 2e24b121695ec6da2f0cff1ec08d861a
NotePrebufferTime: 800
TimeOffset: 1000
Volume: 0.5
Difficulty:
- Overall: 27
  Chordjack: 19.957497596740723
  Handstream: 25.3655948638916
  Jack: 16.755298805236816
  Jumpstream: 28.77659912109375
  Stamina: 26.49327793121338
  Stream: 24.89399642944336
  Technical: 27.364495468139648
  Rate: 100
