Artist: ''
AssetId: rbxassetid://10718950102
CoverImageAssetId: rbxassetid://6565937170
Description: This was mapped by asimo the noob mapper
Filename: Legends Never Die (Custom)
HitSFXGroup: 0
Mapper: Yasi
MD5Hash: 33bcbb2d24f96c04f44d0e3d301599c3
NotePrebufferTime: 800
TimeOffset: -75
Volume: 0.5
Difficulty:
- Overall: 25.827302169799804
  Chordjack: 5.525100374221802
  Handstream: 5.771700096130371
  Jack: 25.827302169799804
  Jumpstream: 6.884099721908569
  Stamina: 15.289762115478515
  Stream: 10.277100563049316
  Technical: 10.672199821472168
  Rate: 100
