Artist: ''
AssetId: rbxassetid://10718919741
CoverImageAssetId: rbxassetid://6491825811
Description: Absolute MASTERPIECE
Filename: WE ARE *NOT* CURZED [UNDERRATED] [*]
HitSFXGroup: 0
Mapper: Yasi
MD5Hash: 9bdfb5065fe03484d5e6a4d0996d75e4
NotePrebufferTime: 800
TimeOffset: -450
Volume: 0.34
Difficulty:
- Overall: 27
  Chordjack: 20.762095069885255
  Handstream: 20.240095138549805
  Jack: 20.10509548187256
  Jumpstream: 29.184301757812502
  Stamina: 28.948933410644532
  Stream: 26.60669460296631
  Technical: 27.617393875122072
  Rate: 100
