Artist: ''
AssetId: rbxassetid://10046369044
CoverImageAssetId: rbxassetid://6577396249
Description: ''
Filename: Bad Apple!! feat.nomico (Camellia's Bad Psy Remix)
HitSFXGroup: 0
Mapper: Yasi
MD5Hash: 68eabe02956d54272b1bb39a2da2f44a
NotePrebufferTime: 800
TimeOffset: -125
Volume: 0.5
Difficulty:
- Overall: 42.87707748413086
  Chordjack: 38.78820304870606
  Handstream: 36.09179763793946
  Jack: 27.083702087402344
  Jumpstream: 42.14429969787598
  Stamina: 42.10215682983399
  Stream: 32.01389923095703
  Technical: 39.2318962097168
  Rate: 100
