Artist: FNF
AssetId: rbxassetid://10718929408
CoverImageAssetId: rbxassetid://6784792958
Description: Mapped by Shad0wStar for the Ro!Manip tournament!
Filename: Ugh
HitSFXGroup: 0
Mapper: Yasi
MD5Hash: afa64b4910058fd4b71e0e508c9fc901
NotePrebufferTime: 800
TimeOffset: -75
Volume: 0.5
Difficulty:
- Overall: 26.59589538574219
  Chordjack: 15.458398818969727
  Handstream: 23.814895248413087
  Jack: 18.081899642944336
  Jumpstream: 25.459194946289063
  Stamina: 23.50888481140137
  Stream: 23.852695083618165
  Technical: 26.59589538574219
  Rate: 100
