Artist: ''
AssetId: rbxassetid://10046369044
CoverImageAssetId: rbxassetid://6577396249
Description: ''
Filename: Bad Apple!! feat.nomico (Camellia's Bad Psy Remix)
HitSFXGroup: 0
Mapper: Yasi
MD5Hash: 12d2f0f08952e48d570737959455a237
NotePrebufferTime: 800
TimeOffset: -125
Volume: 0.5
Difficulty:
- Overall: 36.663299560546875
  Chordjack: 24.0785945892334
  Handstream: 32.438699340820314
  Jack: 24.985794067382812
  Jumpstream: 34.41779708862305
  Stamina: 35.0989803314209
  Stream: 34.53659706115723
  Technical: 35.89289360046387
  Rate: 100
