Artist: Camellia // Wonki
AssetId: rbxassetid://10044608437
CoverImageAssetId: rbxassetid://8347390377
Description: ''
Filename: K.Y.A.F.A.
HitSFXGroup: 0
Mapper: Yasi
MD5Hash: 2cfb6ffd7597bc22d68af8b93c28badf
NotePrebufferTime: 800
TimeOffset: -75
Volume: 0.5
Difficulty:
- Overall: 33
  Chordjack: 28.61279468536377
  Handstream: 31.732202911376955
  Jack: 23.922897720336916
  Jumpstream: 38.7323959350586
  Stamina: 38.69366569519043
  Stream: 32.58720016479492
  Technical: 37.16279640197754
  Rate: 100
