Artist: xi
AssetId: rbxassetid://10718747909
CoverImageAssetId: rbxassetid://6572797234
Description: ''
Filename: Titania
HitSFXGroup: 0
Mapper: Yasi
MD5Hash: fc7247223632a93e5d3d79263de47b27
NotePrebufferTime: 800
TimeOffset: -75
Volume: 0.5
Difficulty:
- Overall: 34
  Chordjack: 29.452502059936524
  Handstream: 36.40409774780274
  Jack: 24.268496704101562
  Jumpstream: 35.911800384521484
  Stamina: 32.87519645690918
  Stream: 31.610697555541993
  Technical: 36.59219741821289
  Rate: 100
