Artist: YasiCreeper / Tricky
AssetId: rbxassetid://10718747136
CoverImageAssetId: rbxassetid://6615524540
Description: ''
Filename: Madness [Tricky Mod] (Custom)
HitSFXGroup: 0
Mapper: Yasi
MD5Hash: ebf924707b0c9acc803563dd86dd7578
NotePrebufferTime: 800
TimeOffset: -75
Volume: 0.5
Difficulty:
- Overall: 34
  Chordjack: 25.639193916320803
  Handstream: 31.138203048706057
  Jack: 21.540596580505373
  Jumpstream: 37.49579887390137
  Stamina: 35.48154487609863
  Stream: 33.34409637451172
  Technical: 35.824496841430665
  Rate: 100
