Artist: ''
AssetId: rbxassetid://1684954317
CoverImageAssetId: rbxassetid://6473732405
Description: ''
Filename: Pizza Time [Italian]
HitSFXGroup: 0
Mapper: Yasi
MD5Hash: 0be11a8e67db2e40706fe2ca70d937e5
NotePrebufferTime: 800
TimeOffset: -75
Volume: 0.6
Difficulty:
- Overall: 19
  Chordjack: 17.23919677734375
  Handstream: 16.799439811706545
  Jack: 20.51236381530762
  Jumpstream: 20.46672077178955
  Stamina: 19.2673828125
  Stream: 18.986819458007812
  Technical: 22.65234260559082
  Rate: 100
