Artist: Adbul_cisse // YasiCreeper
AssetId: rbxassetid://8322348714
CoverImageAssetId: rbxassetid://6497839963
Description: ''
Filename: '[Trending] FNAF Beatbox [Custom]'
HitSFXGroup: 0
Mapper: Yasi
MD5Hash: 0d95bd8f0506ab0f5335182011dca514
NotePrebufferTime: 800
TimeOffset: -75
Volume: 0.5
Difficulty:
- Overall: 31.97688217163086
  Chordjack: 23.87146625518799
  Handstream: 22.629482460021972
  Jack: 21.33932876586914
  Jumpstream: 31.00304718017578
  Stamina: 26.463587379455568
  Stream: 28.553600692749026
  Technical: 31.97688217163086
  Rate: 100
