Artist: ''
AssetId: rbxassetid://10698198879
CoverImageAssetId: rbxassetid://6491877670
Description: ''
Filename: Altale [loved]
HitSFXGroup: 0
Mapper: Yasi
MD5Hash: fc1d55ebef5de08abe4131c0fa9b33f9
NotePrebufferTime: 800
TimeOffset: 1250
Volume: 0.5
Difficulty:
- Overall: 24.855121994018557
  Chordjack: 15.480000686645509
  Handstream: 14.037300109863281
  Jack: 13.752900123596191
  Jumpstream: 24.366594314575195
  Stamina: 21.639686393737794
  Stream: 24.659096717834473
  Technical: 23.567395591735842
  Rate: 100
