Artist: Laur
AssetId: rbxassetid://9512620160
CoverImageAssetId: rbxassetid://9512620160
Description: Fanmade Song By ItsFilms
Filename: A Lasting Promise
HitSFXGroup: 0
Mapper: Yasi
MD5Hash: 8f0b9dabf4c19ecc44a006b2f6fd3d39
NotePrebufferTime: 800
TimeOffset: -240
Volume: 0.5
Difficulty:
- Overall: 26
  Chordjack: 16.830898475646972
  Handstream: 14.99850082397461
  Jack: 17.70479736328125
  Jumpstream: 20.749498558044433
  Stamina: 23.354683113098144
  Stream: 27.985499382019043
  Technical: 28.77209987640381
  Rate: 100
