Artist: Kagemine Rin
AssetId: rbxassetid://10718816486
CoverImageAssetId: rbxassetid://6521788883
Description: This is a cover of the official Tokyo Teddy Bear song, it was covered
  by Kagamine Rin
Filename: Tokyo Teddy Bear [loved]
HitSFXGroup: 0
Mapper: Yasi
MD5Hash: 3fbf46ff87cd5e18d895311749c576b8
NotePrebufferTime: 800
TimeOffset: -200
Volume: 0.5
Difficulty:
- Overall: 21.9905948638916
  Chordjack: 13.518900775909424
  Handstream: 11.726100254058839
  Jack: 10.494900226593018
  Jumpstream: 21.9905948638916
  Stamina: 21.483670234680176
  Stream: 19.009796333312988
  Technical: 19.67849636077881
  Rate: 100
