Artist: ''
AssetId: rbxassetid://5498981640
CoverImageAssetId: rbxassetid://FILL_IN_COVERART_TEXTURE_ASSETID_HERE
Description: Welcome to Ro!Manip! this song will teach you the basics of how to play!
Filename: Lagtrain
HitSFXGroup: 0
Mapper: Yasi
MD5Hash: 69cc7509e7984bef67e210c5a04d53a0
NotePrebufferTime: 1500
TimeOffset: -75
Volume: 0.5
Difficulty:
- Overall: 6
  Chordjack: 6.961500120162964
  Handstream: 7.190099859237671
  Jack: 6.257700061798096
  Jumpstream: 10.797300624847413
  Stamina: 10.977666091918946
  Stream: 12.26879997253418
  Technical: 12.39300127029419
  Rate: 100
