Artist: arabic moderator
AssetId: rbxassetid://13646167855
CoverImageAssetId: ''
Description: ''
Filename: Camel Race
HitSFXGroup: 0
Mapper: YasiCreeper
MD5Hash: 5b4d565971f994e48baa83807bbd1a6e
NotePrebufferTime: 1000
TimeOffset: -75
Volume: 0.5
Difficulty:
- Overall: 43
  Chordjack: 31.984294509887697
  Handstream: 26.23058795928955
  Jack: 26.83924255371094
  Jumpstream: 26.574806785583498
  Stamina: 39.82507553100586
  Stream: 46.227227783203126
  Technical: 41.83216094970703
  Rate: 100
