Artist: Helblinde
AssetId: rbxassetid://10033867371
CoverImageAssetId: rbxassetid://6536274085
Description: ''
Filename: Memoria (Original Mix)
HitSFXGroup: 0
Mapper: Yasi
MD5Hash: e9687f6c270263254074f466e9aa2e01
NotePrebufferTime: 800
TimeOffset: -75
Volume: 0.5
Difficulty:
- Overall: 44
  Chordjack: 46.26539497375489
  Handstream: 38.04569892883301
  Jack: 22.32809829711914
  Jumpstream: 39.96809692382813
  Stamina: 46.21913223266602
  Stream: 27.187193298339846
  Technical: 31.829404449462892
  Rate: 100
