Artist: ''
AssetId: rbxassetid://9513121541
CoverImageAssetId: rbxassetid://6504654268
Description: ''
Filename: AiAe
HitSFXGroup: 0
Mapper: Yasi
MD5Hash: 2eb2606bbbb3e6d8f38c0577a4c7b2b0
NotePrebufferTime: 800
TimeOffset: -75
Volume: 0.5
Difficulty:
- Overall: 42
  Chordjack: 36.0476978302002
  Handstream: 45.62999725341797
  Jack: 41.60429763793945
  Jumpstream: 43.05059967041016
  Stamina: 45.58436965942383
  Stream: 34.468200302124025
  Technical: 42.76079750061035
  Rate: 100
