Artist: ''
AssetId: rbxassetid://2508725733
CoverImageAssetId: rbxassetid://6438258061
Description: ''
Filename: Hardbass (Custom)
HitSFXGroup: 0
Mapper: Yasi
MD5Hash: fa368ef4da38fbc52fcf32e61cd7b626
NotePrebufferTime: 800
TimeOffset: -75
Volume: 0.5
Difficulty:
- Overall: 22
  Chordjack: 23.276695632934572
  Handstream: 16.46909809112549
  Jack: 17.991899299621583
  Jumpstream: 24.25049629211426
  Stamina: 22.370121002197266
  Stream: 18.735297775268556
  Technical: 24.371095275878908
  Rate: 100
