Artist: puxtu / Masa
AssetId: rbxassetid://6578172611
CoverImageAssetId: rbxassetid://6578151454
Description: ''
Filename: "Kitsune no Yomeiri \u72D0\u306E\u5AC1\u5165\u308A"
HitSFXGroup: 0
Mapper: Yasi
MD5Hash: 574609219b8d76567c7784c2e2fe61b3
NotePrebufferTime: 800
TimeOffset: -75
Volume: 0.5
Difficulty:
- Overall: 17
  Chordjack: 13.99680004119873
  Handstream: 19.151097679138186
  Jack: 12.247198963165284
  Jumpstream: 23.471096992492676
  Stamina: 22.19175624847412
  Stream: 23.264095687866213
  Technical: 22.493696594238283
  Rate: 100
