Artist: Kurokotei // 4hri
AssetId: rbxassetid://3035778842
CoverImageAssetId: rbxassetid://8382020977
Description: ''
Filename: Scattered Faith
HitSFXGroup: 0
Mapper: Yasi
MD5Hash: 11dc95517093afe54e508bd1a5ab525a
NotePrebufferTime: 800
TimeOffset: -500
Volume: 0.8
Difficulty:
- Overall: 46.45350151062012
  Chordjack: 36.89909706115723
  Handstream: 39.056396484375
  Jack: 27.512100219726562
  Jumpstream: 45.42389373779297
  Stamina: 45.378472137451176
  Stream: 37.47239799499512
  Technical: 43.57979736328125
  Rate: 100
