Artist: YasiCreeper
AssetId: rbxassetid://10044534292
CoverImageAssetId: rbxassetid://6496889387
Description: ''
Filename: Coffin dance (Hard Renaissance) [loved]
HitSFXGroup: 0
Mapper: Yasi
MD5Hash: cd05637d394c6c2319c20cb685e356b7
NotePrebufferTime: 800
TimeOffset: -75
Volume: 0.5
Difficulty:
- Overall: 28
  Chordjack: 18.854384422302246
  Handstream: 24.409434127807618
  Jack: 18.930562591552736
  Jumpstream: 28.482373237609863
  Stamina: 25.56775531768799
  Stream: 25.20183162689209
  Technical: 28.75975227355957
  Rate: 100
