Artist: YasiCreeper
AssetId: rbxassetid://1379625982
CoverImageAssetId: rbxassetid://6543144087
Description: 4 minutes of wave mapping KEKE
Filename: Unravel Piano (Custom) (wave)
HitSFXGroup: 0
Mapper: Yasi
MD5Hash: 9ab6e76849275496c1d3b8fa9c959ca7
NotePrebufferTime: 800
TimeOffset: -75
Volume: 0.5
Difficulty:
- Overall: 32
  Chordjack: 22.04999656677246
  Handstream: 22.237196731567384
  Jack: 24.790496635437012
  Jumpstream: 32.858998489379886
  Stamina: 30.331229782104494
  Stream: 34.32420043945313
  Technical: 35.768696594238286
  Rate: 100
