Artist: MisoilePunch / Jian
AssetId: rbxassetid://10718762659
CoverImageAssetId: rbxassetid://6801530951
Description: This was made by Jian
Filename: VVelcome!!
HitSFXGroup: 0
Mapper: Yasi
MD5Hash: ea33936db559821cba797b62c7ecb4a8
NotePrebufferTime: 850
TimeOffset: -182
Volume: 0.5
Difficulty:
- Overall: 39
  Chordjack: 32.25869865417481
  Handstream: 30.141001510620118
  Jack: 33.6033016204834
  Jumpstream: 37.487696456909184
  Stamina: 33.83987159729004
  Stream: 33.820199203491214
  Technical: 39.16439895629883
  Rate: 100
