Artist: Camellia // Shirohara
AssetId: rbxassetid://9512953078
CoverImageAssetId: rbxassetid://9512953078
Description: ''
Filename: Hello (BPM) 2021
HitSFXGroup: 0
Mapper: Yasi
MD5Hash: 2cc1b45630c78da6d46bf4b6ddb9e645
NotePrebufferTime: 800
TimeOffset: -75
Volume: 0.5
Difficulty:
- Overall: 27
  Chordjack: 19.30139751434326
  Handstream: 17.155796813964844
  Jack: 15.71579818725586
  Jumpstream: 29.041201400756837
  Stamina: 27.01622714996338
  Stream: 22.51709575653076
  Technical: 26.6174955368042
  Rate: 100
