Artist: YUC'e
AssetId: rbxassetid://10693797352
CoverImageAssetId: rbxassetid://6491855404
Description: mapped by gemboyong
Filename: Night Club Junkie
HitSFXGroup: 0
Mapper: Yasi
MD5Hash: 47f2dadbe6803313cd88f737f724fcda
NotePrebufferTime: 800
TimeOffset: -75
Volume: 0.5
Difficulty:
- Overall: 44.77139511108398
  Chordjack: 28.52999382019043
  Handstream: 27.660592460632326
  Jack: 20.865598297119142
  Jumpstream: 39.946498489379884
  Stamina: 41.782094192504886
  Stream: 44.77139511108398
  Technical: 41.24879722595215
  Rate: 100
