Artist: ''
AssetId: rbxassetid://3108634904
CoverImageAssetId: rbxassetid://6593414524
Description: ''
Filename: Water Horizon
HitSFXGroup: 0
Mapper: Yasi
MD5Hash: f6821850af477f22e13289457487b3e1
NotePrebufferTime: 800
TimeOffset: -75
Volume: 0.5
Difficulty:
- Overall: 30.409558868408205
  Chordjack: 29.744103240966798
  Handstream: 24.02549629211426
  Jack: 23.994895935058594
  Jumpstream: 29.05470085144043
  Stamina: 27.948108100891115
  Stream: 22.211995124816895
  Technical: 29.39400329589844
  Rate: 100
