Artist: YasiCreeper / Tense1983
AssetId: rbxassetid://4575738074
CoverImageAssetId: rbxassetid://6508224809
Description: me sae alom ram
Filename: Tense1983 musical (Custom)
HitSFXGroup: 0
Mapper: Yasi
MD5Hash: 4ae50938a51b3957a1738cb22d81ca2b
NotePrebufferTime: 800
TimeOffset: -75
Volume: 2
Difficulty:
- Overall: 4
  Chordjack: 4.595324850082398
  Handstream: 4.498222017288208
  Jack: 6.316054201126099
  Jumpstream: 4.905295085906983
  Stamina: 5.910172462463379
  Stream: 4.7312102794647215
  Technical: 7.357649517059326
  Rate: 100
