Artist: ''
AssetId: rbxassetid://10718910842
CoverImageAssetId: rbxassetid://6578049013
Description: ''
Filename: Mopemope
HitSFXGroup: 0
Mapper: Yasi
MD5Hash: 3ada26a49213061dce20c9fa07c7b506
NotePrebufferTime: 800
TimeOffset: -1400
Volume: 0.5
Difficulty:
- Overall: 30.3903018951416
  Chordjack: 23.827496910095217
  Handstream: 25.798495674133303
  Jack: 23.235297775268556
  Jumpstream: 29.175303268432618
  Stamina: 24.570073127746582
  Stream: 23.925594520568847
  Technical: 30.3903018951416
  Rate: 100
