Artist: Enkelschreck
AssetId: rbxassetid://13734324460
CoverImageAssetId: ''
Description: ''
Filename: Acid auf Raedern
HitSFXGroup: 0
Mapper: YasiCreeper
MD5Hash: 195bd86897ddd1e4be8ee0c9dade55c9
NotePrebufferTime: 1000
TimeOffset: -75
Volume: 0.5
Difficulty:
- Overall: 41.37858352661133
  Chordjack: 24.241496086120605
  Handstream: 27.851392364501955
  Jack: 25.435795783996582
  Jumpstream: 40.850999450683595
  Stamina: 40.76953582763672
  Stream: 36.23309898376465
  Technical: 36.97829475402832
  Rate: 100
