Artist: nokia? xd // YasiCree
AssetId: rbxassetid://3269411915
CoverImageAssetId: rbxassetid://8382197211
Description: LOL WHY
Filename: Nokia Arabic Ringtone [Custom]
HitSFXGroup: 0
Mapper: Yasi
MD5Hash: 69855067d81d2831e29a553a39f1f4f2
NotePrebufferTime: 800
TimeOffset: -75
Volume: 0.5
Difficulty:
- Overall: 16
  Chordjack: 10.032649612426757
  Handstream: 13.246947956085206
  Jack: 9.623319625854492
  Jumpstream: 17.90449447631836
  Stamina: 15.65277786254883
  Stream: 15.27809944152832
  Technical: 17.448685455322266
  Rate: 100
