Artist: ''
AssetId: rbxassetid://5491707697
CoverImageAssetId: rbxassetid://6580976818
Description: ''
Filename: Arabic WAKA WAKA (Custom)
HitSFXGroup: 0
Mapper: Yasi
MD5Hash: 1af27befa296a0eae670a693a952acdb
NotePrebufferTime: 800
TimeOffset: -75
Volume: 0.5
Difficulty:
- Overall: 19.082532691955567
  Chordjack: 11.101754093170166
  Handstream: 15.283856964111328
  Jack: 12.406889533996582
  Jumpstream: 18.99741268157959
  Stamina: 14.588425827026368
  Stream: 16.819215202331545
  Technical: 19.082532691955567
  Rate: 100
