Artist: YasiCreeper
AssetId: rbxassetid://936682740
CoverImageAssetId: rbxassetid://6527181470
Description: This opening is from the anime Your lie in april and was covered by HalcyonMusic
Filename: Hikaru Nara Piano version (Custom)
HitSFXGroup: 0
Mapper: Yasi
MD5Hash: c53f2b53ab16121554af8fd3f91a761d
NotePrebufferTime: 800
TimeOffset: -75
Volume: 0.5
Difficulty:
- Overall: 15.507900810241699
  Chordjack: 7.563601970672607
  Handstream: 10.763101387023926
  Jack: 12.73770160675049
  Jumpstream: 12.987000274658204
  Stamina: 11.627826690673828
  Stream: 13.308299732208253
  Technical: 15.507900810241699
  Rate: 100
