Artist: Camellia // Shirohara
AssetId: rbxassetid://9512953078
CoverImageAssetId: rbxassetid://9512953078
Description: ''
Filename: Hello (BPM) 2021
HitSFXGroup: 0
Mapper: Yasi
MD5Hash: 5e030407f79a4a5eecd0b21ff7d32fad
NotePrebufferTime: 800
TimeOffset: -75
Volume: 0.5
Difficulty:
- Overall: 39.14082298278809
  Chordjack: 32.42069892883301
  Handstream: 22.979695701599123
  Jack: 23.800498008728027
  Jumpstream: 38.25719947814942
  Stamina: 36.61704368591309
  Stream: 36.991797637939456
  Technical: 37.44809761047363
  Rate: 100
