Artist: t+pazolite / Dellvangel
AssetId: rbxassetid://10026852324
CoverImageAssetId: rbxassetid://6670190288
Description: SOUND VOLTEX III GRAVITY WARS
Filename: Angelic Jelly
HitSFXGroup: 0
Mapper: Yasi
MD5Hash: 248091fbaf283b6d95861841ea9da775
NotePrebufferTime: 800
TimeOffset: -117
Volume: 0.5
Difficulty:
- Overall: 34.44552383422852
  Chordjack: 26.18279571533203
  Handstream: 26.775894355773925
  Jack: 19.47689723968506
  Jumpstream: 34.406100082397465
  Stamina: 32.932376861572266
  Stream: 28.64699821472168
  Technical: 32.3846981048584
  Rate: 100
