Artist: YasiCree
AssetId: rbxassetid://10044406320
CoverImageAssetId: rbxassetid://7003676357
Description: this map is shie-
Filename: 20k romanip special (NO AUDIO)
HitSFXGroup: 0
Mapper: Yasi
MD5Hash: afa732ab3ca039338d8c4883aa0df24b
NotePrebufferTime: 800
TimeOffset: -75
Volume: 0.5
Difficulty:
- Overall: 52
  Chordjack: 37.66139717102051
  Handstream: 40.61609802246094
  Jack: 43.15949478149414
  Jumpstream: 43.44749450683594
  Stamina: 50.462745666503906
  Stream: 48.352495193481445
  Technical: 55.70279502868652
  Rate: 100
