Artist: ''
AssetId: rbxassetid://10719194416
CoverImageAssetId: rbxassetid://6436621900
Description: ''
Filename: Bandit Radio
HitSFXGroup: 0
Mapper: Yasi
MD5Hash: 2f56ffd7d63adc3eb4b8e92f1394a96a
NotePrebufferTime: 800
TimeOffset: -200
Volume: 0.5
Difficulty:
- Overall: 14
  Chordjack: 14.853599739074708
  Handstream: 11.160900020599366
  Jack: 10.404899883270264
  Jumpstream: 16.875899505615234
  Stamina: 15.683110427856446
  Stream: 13.597199821472168
  Technical: 16.435797500610352
  Rate: 100
