Artist: ''
AssetId: rbxassetid://10718832996
CoverImageAssetId: rbxassetid://6550873104
Description: ''
Filename: Vindication
HitSFXGroup: 0
Mapper: Yasi
MD5Hash: 8b4a849fc6e9faf1084bc50c93fec3ec
NotePrebufferTime: 800
TimeOffset: -75
Volume: 0.5
Difficulty:
- Overall: 29
  Chordjack: 21.295795440673828
  Handstream: 25.582495880126952
  Jack: 18.699298667907716
  Jumpstream: 29.890801620483398
  Stamina: 27.131887435913086
  Stream: 29.92050247192383
  Technical: 31.15170249938965
  Rate: 100
