Artist: ''
AssetId: rbxassetid://6575728853
CoverImageAssetId: rbxassetid://6575741815
Description: This is a opening from Black Clover
Filename: Guess Who Is Back
HitSFXGroup: 0
Mapper: Yasi
MD5Hash: e2b9cef80d33f7332c1826d3cd91ac2c
NotePrebufferTime: 800
TimeOffset: -220
Volume: 0.5
Difficulty:
- Overall: 18
  Chordjack: 24.782395935058595
  Handstream: 24.14879550933838
  Jack: 16.366499519348146
  Jumpstream: 24.648295783996584
  Stamina: 21.267428398132324
  Stream: 20.978996086120606
  Technical: 25.14869556427002
  Rate: 100
