Artist: ''
AssetId: rbxassetid://6576489794
CoverImageAssetId: rbxassetid://6576462714
Description: ''
Filename: Reese's Puff Hardcore Remix
HitSFXGroup: 0
Mapper: Yasi
MD5Hash: e9ba30d88044cf17b149086d52a431c0
NotePrebufferTime: 800
TimeOffset: -75
Volume: 0.5
Difficulty:
- Overall: 29.65590019226074
  Chordjack: 20.4452974319458
  Handstream: 20.204096031188964
  Jack: 17.459996223449707
  Jumpstream: 28.467900466918945
  Stamina: 26.6417444229126
  Stream: 27.682194328308107
  Technical: 29.65590019226074
  Rate: 100
