Artist: YasiCreeper / Vacuum
AssetId: rbxassetid://4750749124
CoverImageAssetId: rbxassetid://6512636641
Description: VSHHHHHHHHHHHHHHHHHHHHHHHHHHHHHHHHHHHHHhhhhhuuuuuu
Filename: VACUUM [Custom] (Vibro)
HitSFXGroup: 0
Mapper: Yasi
MD5Hash: 4241ee93c751a05c26cc89ffe2e8f78a
NotePrebufferTime: 800
TimeOffset: -75
Volume: 0.5
Difficulty:
- Overall: 0
  Chordjack: 34.07578239440918
  Handstream: 19.107670783996582
  Jack: 11.985051441192628
  Jumpstream: 29.38015365600586
  Stamina: 28.064549446105957
  Stream: 19.482376670837404
  Technical: 27.117919349670412
  Rate: 100
