Artist: ''
AssetId: rbxassetid://3108634904
CoverImageAssetId: rbxassetid://6593414524
Description: ''
Filename: Water Horizon
HitSFXGroup: 0
Mapper: Yasi
MD5Hash: cb51873b56f59877c1e63602207b05e7
NotePrebufferTime: 800
TimeOffset: -75
Volume: 0.5
Difficulty:
- Overall: 17.788499450683595
  Chordjack: 9.473400020599366
  Handstream: 9.353701400756837
  Jack: 9.23850030899048
  Jumpstream: 13.314600563049316
  Stamina: 14.992401695251464
  Stream: 17.352898406982423
  Technical: 17.788499450683595
  Rate: 100
