Artist: Slowless / Kobaryo
AssetId: rbxassetid://10718744302
CoverImageAssetId: rbxassetid://6581161986
Description: ''
Filename: Perfect Neglect
HitSFXGroup: 0
Mapper: Yasi
MD5Hash: b5679bb3b14d1b2618712e96b02eca9e
NotePrebufferTime: 800
TimeOffset: -75
Volume: 0.5
Difficulty:
- Overall: 19.452595138549807
  Chordjack: 10.897201538085938
  Handstream: 10.270801448822022
  Jack: 15.50159912109375
  Jumpstream: 16.115398406982422
  Stamina: 18.285445404052734
  Stream: 19.452595138549807
  Technical: 19.205097198486328
  Rate: 100
