Artist: ''
AssetId: rbxassetid://4471481054
CoverImageAssetId: rbxassetid://6568227966
Description: ''
Filename: ERUPTION (Guitar Cover) (Custom)
HitSFXGroup: 0
Mapper: Yasi
MD5Hash: e38dd318550084a5ff4c7c9af1c9def1
NotePrebufferTime: 800
TimeOffset: -25
Volume: 0.5
Difficulty:
- Overall: 43.83612213134766
  Chordjack: 28.373399162292483
  Handstream: 33.21449546813965
  Jack: 32.097601318359374
  Jumpstream: 42.665398406982426
  Stamina: 38.12896842956543
  Stream: 38.28690032958985
  Technical: 43.62839469909668
  Rate: 100
