Artist: ''
AssetId: rbxassetid://10718771125
CoverImageAssetId: rbxassetid://6491858323
Description: ''
Filename: HE4VEN ~Tengoku e Youkoso~ [loved]
HitSFXGroup: 0
Mapper: Yasi
MD5Hash: 0606c61c51a51a36cc6a328782366bc8
NotePrebufferTime: 800
TimeOffset: -75
Volume: 0.5
Difficulty:
- Overall: 31.168803405761718
  Chordjack: 23.525996017456055
  Handstream: 20.26439723968506
  Jack: 20.770197486877443
  Jumpstream: 30.98610076904297
  Stamina: 26.469446182250977
  Stream: 25.474496841430664
  Technical: 30.83309898376465
  Rate: 100
