Artist: ''
AssetId: rbxassetid://6989638033
CoverImageAssetId: rbxassetid://8382361899
Description: ''
Filename: The End [FNF]
HitSFXGroup: 0
Mapper: Yasi
MD5Hash: 9e8c54d4a4ebe82524b0af18c58b64f9
NotePrebufferTime: 800
TimeOffset: -75
Volume: 0.5
Difficulty:
- Overall: 39.180782318115234
  Chordjack: 32.37480010986328
  Handstream: 34.86780052185059
  Jack: 24.40169734954834
  Jumpstream: 38.40299491882325
  Stamina: 37.85220222473145
  Stream: 31.389302444458007
  Technical: 37.413895797729495
  Rate: 100
