Artist: YasiCreeper
AssetId: rbxassetid://10140624639
CoverImageAssetId: rbxassetid://6492049223
Description: its called Blend W and not Blend S cuz its not sadge KEKW
Filename: Blend W
HitSFXGroup: 0
Mapper: Yasi
MD5Hash: 24f6c36dea7bb5cfbce8f2fdafefb9c9
NotePrebufferTime: 800
TimeOffset: -100
Volume: 0.5
Difficulty:
- Overall: 27.543594932556154
  Chordjack: 20.43629722595215
  Handstream: 23.549395179748537
  Jack: 15.497099876403809
  Jumpstream: 27.543594932556154
  Stamina: 25.893553161621096
  Stream: 22.634096717834474
  Technical: 25.040696525573733
  Rate: 100
