Artist: ''
AssetId: rbxassetid://10718906568
CoverImageAssetId: rbxassetid://6592847915
Description: ''
Filename: Heart Function
HitSFXGroup: 0
Mapper: Yasi
MD5Hash: 06d4f0ce9810094ac06d0c78642ad96f
NotePrebufferTime: 800
TimeOffset: -75
Volume: 0.5
Difficulty:
- Overall: 7
  Chordjack: 5.618700456619263
  Handstream: 5.914800024032593
  Jack: 5.350500154495239
  Jumpstream: 9.163801002502442
  Stamina: 8.502730464935302
  Stream: 9.892800521850587
  Technical: 10.053000926971436
  Rate: 100
