Artist: ''
AssetId: rbxassetid://10718917720
CoverImageAssetId: rbxassetid://6504609919
Description: ''
Filename: NANO DEATH!!!
HitSFXGroup: 0
Mapper: Yasi
MD5Hash: 4bdcda18c0fc1763bcec869c3386d201
NotePrebufferTime: 800
TimeOffset: -92
Volume: 1
Difficulty:
- Overall: 29.60460433959961
  Chordjack: 21.80159568786621
  Handstream: 23.05979633331299
  Jack: 24.790496635437012
  Jumpstream: 27.026094245910645
  Stamina: 27.487197303771975
  Stream: 27.364495468139648
  Technical: 29.60460433959961
  Rate: 100
