Artist: ''
AssetId: rbxassetid://10024812773
averageNps: 16.733333333333334
CoverImageAssetId: rbxassetid://6784839970
Description: ''
Filename: Mario Paint (Time Regression Mix for BMS)
HitSFXGroup: 0
Mapper: Yasi
maxNps: 20.5
MD5Hash: 970c6451086be8c78cfdda8dabe8c435
NotePrebufferTime: 1000
songLength: 88.253
TimeOffset: -135
totalHolds: 0
totalNotes: 1506
Volume: 0.5
Difficulty:
- Overall: 40
  Chordjack: 27.78479461669922
  Handstream: 26.816394424438478
  Jack: 29.62170524597168
  Jumpstream: 45.45989799499512
  Stamina: 42.31859092712403
  Stream: 42.75809898376465
  Technical: 42.655496978759764
  Rate: 100
