Artist: LV. 4
AssetId: rbxassetid://10049354780
CoverImageAssetId: ''
Description: ''
Filename: Angel Dust
HitSFXGroup: 0
Mapper: riunosk
MD5Hash: 619c2f7332696c749c3042e88e470ef0
NotePrebufferTime: 1000
TimeOffset: 0
Volume: 0.5
Difficulty:
- Overall: 43
  Chordjack: 31.347901153564454
  Handstream: 25.40069446563721
  Jack: 25.037096786499024
  Jumpstream: 43.38899917602539
  Stamina: 42.09737434387207
  Stream: 44.232295989990234
  Technical: 42.18299903869629
  Rate: 100
