Artist: YasiCreeper
AssetId: rbxassetid://518993583
CoverImageAssetId: rbxassetid://6491766051
Description: ''
Filename: Oshama Scramble! [loved]
HitSFXGroup: 0
Mapper: Yasi
MD5Hash: c7de65a48a8bb2fd013444bc3a92ebab
NotePrebufferTime: 800
TimeOffset: 400
Volume: 0.5
Difficulty:
- Overall: 30
  Chordjack: 24.54389476776123
  Handstream: 30.233702087402346
  Jack: 19.34729804992676
  Jumpstream: 33.36479873657227
  Stamina: 32.28763046264648
  Stream: 28.78290252685547
  Technical: 31.3218017578125
  Rate: 100
