Artist: bo en
AssetId: rbxassetid://10718768266
CoverImageAssetId: rbxassetid://6572451688
Description: ''
Filename: My Time
HitSFXGroup: 0
Mapper: Yasi
MD5Hash: 7e89f11af79e881a9d6db4ac2e48260d
NotePrebufferTime: 800
TimeOffset: -75
Volume: 0.5
Difficulty:
- Overall: 23.327996635437014
  Chordjack: 14.00310001373291
  Handstream: 12.582899951934815
  Jack: 12.867301654815675
  Jumpstream: 23.327996635437014
  Stamina: 21.024440002441406
  Stream: 20.07179660797119
  Technical: 22.211996841430665
  Rate: 100
