Artist: "\u30D3\u30FC\u30C8\u307E\u308A\u304A"
AssetId: rbxassetid://10718862983
CoverImageAssetId: rbxassetid://6566266654
Description: Mapped by FAMoss
Filename: Night of Knights (Cranky Remix)
HitSFXGroup: 0
Mapper: Yasi
MD5Hash: 9e3eb8b9af35b71f043cc4c9be987585
NotePrebufferTime: 800
TimeOffset: -75
Volume: 0.5
Difficulty:
- Overall: 23.596378898620607
  Chordjack: 12.723300075531006
  Handstream: 11.650500583648682
  Jack: 10.664099979400635
  Jumpstream: 23.084095001220703
  Stamina: 23.06101169586182
  Stream: 22.416296195983886
  Technical: 22.044594383239748
  Rate: 100
