Artist: YasiCree / SheetMusicBoss (Custom)
AssetId: rbxassetid://1941069386
CoverImageAssetId: rbxassetid://6436598363
Description: ''
Filename: "RUSH E\U0001F4A5 (Custom) [HYPERLOVED] [vibro]"
HitSFXGroup: 0
Mapper: Yasi
MD5Hash: 86f1e3166eb414b3d28f08f7c19cee38
NotePrebufferTime: 900
TimeOffset: 17930
Volume: 0.8
Difficulty:
- Overall: 0
  Chordjack: 63.78750686645508
  Handstream: 49.531492996215825
  Jack: 47.34089813232422
  Jumpstream: 58.06890335083008
  Stamina: 57.37900657653809
  Stream: 47.85389442443848
  Technical: 57.40650329589844
  Rate: 100
