Artist: Slowless / Kobaryo
AssetId: rbxassetid://10718744302
CoverImageAssetId: rbxassetid://6581161986
Description: ''
Filename: Perfect Neglect
HitSFXGroup: 0
Mapper: Yasi
MD5Hash: 85147a3c7150a54d3aa5dce0470045d8
NotePrebufferTime: 800
TimeOffset: -75
Volume: 0.5
Difficulty:
- Overall: 7
  Chordjack: 6.281100082397461
  Handstream: 5.913900518417359
  Jack: 5.327100563049316
  Jumpstream: 6.867000102996826
  Stamina: 10.019222259521484
  Stream: 11.159100151062011
  Technical: 11.208600425720215
  Rate: 100
