Artist: Staravia / wowguy
AssetId: rbxassetid://6854755656
CoverImageAssetId: rbxassetid://6854778814
Description: w   o   w
Filename: wow
HitSFXGroup: 0
Mapper: Yasi
MD5Hash: cf651b001ba3460b888672ad46674c0f
NotePrebufferTime: 830
TimeOffset: -75
Volume: 1
Difficulty:
- Overall: 116.46221923828125
  Chordjack: 115.48946228027344
  Handstream: 95.25386810302734
  Jack: 60.57380676269531
  Jumpstream: 101.03332901000977
  Stamina: 95.04195556640626
  Stream: 67.1442352294922
  Technical: 83.60853881835938
  Rate: 100
