Artist: ''
AssetId: rbxassetid://10724770803
CoverImageAssetId: rbxassetid://6436577768
Description: ''
Filename: Add multiply (Custom) [loved]
HitSFXGroup: 0
Mapper: Yasi
MD5Hash: c06502cde61b6dc4b7818c0c611052b6
NotePrebufferTime: 800
TimeOffset: 25
Volume: 0.5
Difficulty:
- Overall: 22.60799732208252
  Chordjack: 12.654001235961914
  Handstream: 13.137300109863281
  Jack: 16.107299423217775
  Jumpstream: 19.751397514343264
  Stamina: 18.816830062866213
  Stream: 17.80469913482666
  Technical: 22.60799732208252
  Rate: 100
