Artist: false
AssetId: rbxassetid://13646177159
CoverImageAssetId: ''
Description: ''
Filename: quadraphinix just a week away
HitSFXGroup: 0
Mapper: YasiCreeper
MD5Hash: 6fb10b556136f62ecc3d0d4658bb3f92
NotePrebufferTime: 1000
TimeOffset: -75
Volume: 0.5
Difficulty:
- Overall: 33.465951919555664
  Chordjack: 19.49110565185547
  Handstream: 27.990151405334473
  Jack: 18.43882484436035
  Jumpstream: 29.724520111083987
  Stamina: 27.117948532104492
  Stream: 32.68257179260254
  Technical: 33.24735145568848
  Rate: 100
