Artist: Chroma
AssetId: rbxassetid://10718904223
CoverImageAssetId: rbxassetid://6543138007
Description: ''
Filename: Made In Love
HitSFXGroup: 0
Mapper: Yasi
MD5Hash: 03b7f37a5ad28e10ca9f7a8d56a49fa6
NotePrebufferTime: 675
TimeOffset: -75
Volume: 0.5
Difficulty:
- Overall: 5
  Chordjack: 4.558500480651856
  Handstream: 4.956300401687622
  Jack: 4.184100580215454
  Jumpstream: 7.7184010505676275
  Stamina: 6.37784972190857
  Stream: 8.179201126098633
  Technical: 8.217899608612061
  Rate: 100
