Artist: ''
AssetId: rbxassetid://10718801079
CoverImageAssetId: rbxassetid://6570872916
Description: ''
Filename: Jibaku Shounen Hanako [kun] No.7
HitSFXGroup: 0
Mapper: Yasi
MD5Hash: 73b660ecab399b2a5c74759e11783845
NotePrebufferTime: 800
TimeOffset: 0
Volume: 0.5
Difficulty:
- Overall: 26.60489387512207
  Chordjack: 22.109394836425782
  Handstream: 21.2156982421875
  Jack: 16.346698379516603
  Jumpstream: 26.60489387512207
  Stamina: 25.229379844665527
  Stream: 21.611697006225587
  Technical: 25.395295715332033
  Rate: 100
