Artist: YasiCreeper
AssetId: rbxassetid://10718806755
CoverImageAssetId: rbxassetid://6491855404
Description: MUPIEMUPIEMUPATATIE catJAM
Filename: MUDPIE
HitSFXGroup: 0
Mapper: Yasi
MD5Hash: 7cd388a07b06943be5bf72c85d2ff0d8
NotePrebufferTime: 800
TimeOffset: -75
Volume: 0.5
Difficulty:
- Overall: 30
  Chordjack: 23.350496292114258
  Handstream: 23.07059383392334
  Jack: 21.791697692871093
  Jumpstream: 33.899400329589845
  Stamina: 33.771443939208986
  Stream: 28.99530258178711
  Technical: 32.72399711608887
  Rate: 100
