Artist: ''
AssetId: rbxassetid://10024812773
averageNps: 19.566666666666666
CoverImageAssetId: rbxassetid://6784839970
Description: ''
Filename: Mario Paint (Time Regression Mix for BMS)
HitSFXGroup: 0
Mapper: Yasi
maxNps: 26.5
MD5Hash: 215685d71971565238167cb61d458272
NotePrebufferTime: 1000
songLength: 88.253
TimeOffset: -135
totalHolds: 0
totalNotes: 1761
Volume: 0.6
Difficulty:
- Overall: 48.93102149963379
  Chordjack: 34.95869522094727
  Handstream: 30.581100082397462
  Jack: 30.15000343322754
  Jumpstream: 47.37509651184082
  Stamina: 44.92422523498535
  Stream: 48.56309280395508
  Technical: 43.04429626464844
  Rate: 100
