Artist: Diabarha / Samsung_Galaxy
AssetId: rbxassetid://4550031738
CoverImageAssetId: rbxassetid://6694803477
Description: BrbRBBrBRbrbrBRbRBr
Filename: Uranoid [Vibro]
HitSFXGroup: 0
Mapper: Yasi
MD5Hash: 63ec1828a76095bdc46183b4c32f7b8e
NotePrebufferTime: 800
TimeOffset: -75
Volume: 0.5
Difficulty:
- Overall: 0
  Chordjack: 64.93229598999024
  Handstream: 25.73279399871826
  Jack: 50.76989593505859
  Jumpstream: 32.339698791503906
  Stamina: 63.635607147216795
  Stream: 30.2589054107666
  Technical: 32.00039978027344
  Rate: 100
