Artist: xi
AssetId: rbxassetid://10046397975
CoverImageAssetId: rbxassetid://6436608541
Description: ''
Filename: ANiMA
HitSFXGroup: 0
Mapper: Yasi
MD5Hash: 725c7432d9e255ee14b72ad94b09c6e2
NotePrebufferTime: 800
TimeOffset: -150
Volume: 0.5
Difficulty:
- Overall: 34.545423889160155
  Chordjack: 22.789797019958495
  Handstream: 29.4408016204834
  Jack: 18.828897857666018
  Jumpstream: 33.966897583007814
  Stamina: 32.16748809814453
  Stream: 32.913899230957036
  Technical: 32.78429832458496
  Rate: 100
