Artist: ''
AssetId: rbxassetid://10718771125
CoverImageAssetId: rbxassetid://6491858323
Description: ''
Filename: HE4VEN ~Tengoku e Youkoso~
HitSFXGroup: 0
Mapper: Yasi
MD5Hash: d172556f1e4077f92fed45dd57d70813
NotePrebufferTime: 800
TimeOffset: -75
Volume: 0.42
Difficulty:
- Overall: 36.2745002746582
  Chordjack: 27.524695014953615
  Handstream: 27.23309383392334
  Jack: 28.046694946289062
  Jumpstream: 34.69139785766602
  Stamina: 32.52437553405762
  Stream: 30.449700164794923
  Technical: 36.2745002746582
  Rate: 100
