Artist: Kagemine Rin
AssetId: rbxassetid://10718816486
CoverImageAssetId: rbxassetid://6521788883
Description: This is a cover of the official Tokyo Teddy Bear song, it was covered
  by Kagamine Rin
Filename: Tokyo Teddy Bear [loved]
HitSFXGroup: 0
Mapper: Yasi
MD5Hash: 02b169e63713561a54a4c97ea899163e
NotePrebufferTime: 800
TimeOffset: -200
Volume: 0.5
Difficulty:
- Overall: 34.28568305969238
  Chordjack: 23.273095893859864
  Handstream: 28.312193298339846
  Jack: 19.669499588012695
  Jumpstream: 33.978598022460936
  Stamina: 33.296288681030276
  Stream: 27.098094177246093
  Technical: 32.090401840209964
  Rate: 100
