Artist: Sonic The Hedgehog
AssetId: rbxassetid://10718724041
CoverImageAssetId: rbxassetid://6589659086
Description: ''
Filename: Crisis City
HitSFXGroup: 0
Mapper: Yasi
MD5Hash: 14c065869255ef9c4c0515b680c07a6e
NotePrebufferTime: 800
TimeOffset: -75
Volume: 0.5
Difficulty:
- Overall: 42.37019920349121
  Chordjack: 24.582594108581542
  Handstream: 22.931094932556153
  Jack: 32.67179832458496
  Jumpstream: 30.331803131103516
  Stamina: 34.956611251831056
  Stream: 40.40820236206055
  Technical: 42.37019920349121
  Rate: 100
