Artist: ''
AssetId: rbxassetid://5857098165
CoverImageAssetId: rbxassetid://6839746605
Description: ''
Filename: Overkill
HitSFXGroup: 0
Mapper: Yasi
MD5Hash: 802c41a79a1032d4c248600aec85d170
NotePrebufferTime: 800
TimeOffset: -75
Volume: 0.5
Difficulty:
- Overall: 31
  Chordjack: 25.775996017456055
  Handstream: 28.68659534454346
  Jack: 20.643298530578615
  Jumpstream: 32.696098709106444
  Stamina: 32.574387359619145
  Stream: 26.599495124816894
  Technical: 31.537799835205078
  Rate: 100
