Artist: YasiCreeper
AssetId: rbxassetid://4996274452
CoverImageAssetId: rbxassetid://6631033120
Description: ''
Filename: TRNDSTTR (Meme Remix) (Custom)
HitSFXGroup: 0
Mapper: Yasi
MD5Hash: 7758abd3082c17f085fed27b26078af9
NotePrebufferTime: 800
TimeOffset: -75
Volume: 0.5
Difficulty:
- Overall: 60.32961502075195
  Chordjack: 37.18871726989746
  Handstream: 41.105068588256835
  Jack: 60.29639511108399
  Jumpstream: 45.57383651733399
  Stamina: 35.69546585083008
  Stream: 50.546430587768555
  Technical: 57.36663322448731
  Rate: 100
