Artist: YasiCreeper / Black Clover
AssetId: rbxassetid://10718928224
CoverImageAssetId: rbxassetid://6436618937
Description: ''
Filename: Black Rover [loved]
HitSFXGroup: 0
Mapper: Yasi
MD5Hash: 5e2eaa9c822f9bdeb13f6a0175bf30a5
NotePrebufferTime: 800
TimeOffset: -1450
Volume: 0.5
Difficulty:
- Overall: 26.893080711364746
  Chordjack: 23.39549732208252
  Handstream: 22.122896003723145
  Jack: 22.671896553039552
  Jumpstream: 26.412294960021974
  Stamina: 25.789722061157228
  Stream: 20.229295921325683
  Technical: 26.235895729064943
  Rate: 100
