Artist: Chroma
AssetId: rbxassetid://10718904223
CoverImageAssetId: rbxassetid://6543138007
Description: ''
Filename: Made In Love
HitSFXGroup: 0
Mapper: Yasi
MD5Hash: e8edc31de3f1c2de73c2dd243d8e37fc
NotePrebufferTime: 675
TimeOffset: -75
Volume: 0.5
Difficulty:
- Overall: 17.04239730834961
  Chordjack: 9.083701229095459
  Handstream: 8.844301414489747
  Jack: 8.849700164794923
  Jumpstream: 15.24060001373291
  Stamina: 13.68102378845215
  Stream: 17.04239730834961
  Technical: 16.838997459411623
  Rate: 100
