Artist: Camellia // DannyPX
AssetId: rbxassetid://9512953078
CoverImageAssetId: rbxassetid://9512953078
Description: ''
Filename: Hello (BPM) 2021
HitSFXGroup: 0
Mapper: Yasi
MD5Hash: efdc4f1eef232eef03cd269c146f5c30
NotePrebufferTime: 800
TimeOffset: -75
Volume: 0.5
Difficulty:
- Overall: 74.0858367919922
  Chordjack: 49.47389373779297
  Handstream: 47.85209541320801
  Jack: 41.68620071411133
  Jumpstream: 59.328904724121095
  Stamina: 67.02626953125001
  Stream: 73.55698928833009
  Technical: 71.58869247436523
  Rate: 100
