Artist: Composerily / YasiCreeper
AssetId: rbxassetid://6500736229
CoverImageAssetId: rbxassetid://6500743382
Description: This was remixed by Composerily on YT, and i love it KEKW
Filename: "Polish cow\U0001F404 (Custom)"
HitSFXGroup: 0
Mapper: Yasi
MD5Hash: 24d61b3ff5f763bfb284d32318d66ab1
NotePrebufferTime: 800
TimeOffset: -75
Volume: 0.6
Difficulty:
- Overall: 26
  Chordjack: 15.465330505371094
  Handstream: 15.727217102050782
  Jack: 18.32783031463623
  Jumpstream: 25.290922164916992
  Stamina: 22.879538154602052
  Stream: 24.290352630615235
  Technical: 29.26014518737793
  Rate: 100
