Artist: YasiCreeper / FridayNightFunkin'
AssetId: rbxassetid://6041263219
CoverImageAssetId: rbxassetid://6473763827
Description: E E O A I A E A O A A A A E I A O A E E EEE U A
Filename: "South \U0001F3A4"
HitSFXGroup: 0
Mapper: Yasi
MD5Hash: 2da40f37078aa043a52b53dbbb4648ac
NotePrebufferTime: 800
TimeOffset: -75
Volume: 0.5
Difficulty:
- Overall: 15
  Chordjack: 10.350901222229004
  Handstream: 10.123200988769531
  Jack: 12.670200061798097
  Jumpstream: 18.15029811859131
  Stamina: 15.75051670074463
  Stream: 17.21879653930664
  Technical: 18.446398544311524
  Rate: 100
