Artist: YasiCreeper
AssetId: rbxassetid://10698115080
CoverImageAssetId: rbxassetid://6496927826
Description: ''
Filename: Trinity Homerun
HitSFXGroup: 0
Mapper: Yasi
MD5Hash: 426efd50c48755f0d5ae677a8f2c7adf
NotePrebufferTime: 800
TimeOffset: -75
Volume: 0.5
Difficulty:
- Overall: 34
  Chordjack: 22.574696731567382
  Handstream: 29.37509651184082
  Jack: 22.328094863891604
  Jumpstream: 34.631096649169926
  Stamina: 34.5964656829834
  Stream: 33.6698959350586
  Technical: 33.508798599243164
  Rate: 100
