Artist: 'Crazy Noisy Bizarre Town '
AssetId: rbxassetid://5431905260
CoverImageAssetId: ''
Description: ''
Filename: THE DU (HEAVY)
HitSFXGroup: 0
MD5Hash: 04ee0071def0b8c6c9f64c32ad7ecc11
NotePrebufferTime: 1000
TimeOffset: -70
Volume: 0.5
Difficulty:
- Overall: 28.22219295501709
  Chordjack: 17.171096992492675
  Handstream: 22.806896209716797
  Jack: 15.977700233459473
  Jumpstream: 28.22219295501709
  Stamina: 26.051095390319826
  Stream: 25.4609956741333
  Technical: 26.89829750061035
  Rate: 100
