Artist: xi
AssetId: rbxassetid://10718747909
CoverImageAssetId: rbxassetid://6572797234
Description: ''
Filename: Titania
HitSFXGroup: 0
Mapper: Yasi
MD5Hash: 83368ef78611bd2886cf03a9dc8e066e
NotePrebufferTime: 800
TimeOffset: -75
Volume: 0.5
Difficulty:
- Overall: 26
  Chordjack: 17.945097541809083
  Handstream: 15.102000617980957
  Jack: 15.479101181030273
  Jumpstream: 28.223095893859863
  Stamina: 24.580899810791017
  Stream: 26.11889476776123
  Technical: 27.96840019226074
  Rate: 100
