Artist: YasiCreeper
AssetId: rbxassetid://5004374163
CoverImageAssetId: rbxassetid://6497017262
Description: UOK QUOK WOAK WOK EUK nostalgia
Filename: Yoshi's Island WOAK WOAK (Custom)
HitSFXGroup: 0
Mapper: Yasi
MD5Hash: 8539f64b45ff7660fd29cdb6f5c5865f
NotePrebufferTime: 800
TimeOffset: -75
Volume: 0.5
Difficulty:
- Overall: 21
  Chordjack: 12.981231594085694
  Handstream: 12.594734287261963
  Jack: 18.666925048828126
  Jumpstream: 20.01881675720215
  Stamina: 18.773645210266114
  Stream: 19.62140007019043
  Technical: 24.124081420898438
  Rate: 100
