Artist: Helblinde
AssetId: rbxassetid://10033867371
CoverImageAssetId: rbxassetid://6536274085
Description: ''
Filename: Memoria (Original Mix)
HitSFXGroup: 0
Mapper: Yasi
MD5Hash: 1ad7c4b04aac9d6de5e05f5115f8cf14
NotePrebufferTime: 800
TimeOffset: -75
Volume: 0.5
Difficulty:
- Overall: 33
  Chordjack: 21.464996910095216
  Handstream: 32.68079681396485
  Jack: 17.87669906616211
  Jumpstream: 32.872501373291016
  Stamina: 32.83962821960449
  Stream: 26.985594177246096
  Technical: 28.501194190979003
  Rate: 100
