Artist: ''
AssetId: rbxassetid://3108634904
CoverImageAssetId: rbxassetid://6593414524
Description: ''
Filename: Water Horizon
HitSFXGroup: 0
Mapper: Yasi
MD5Hash: 389b679fe4846f3ba37b2473fca242f1
NotePrebufferTime: 800
TimeOffset: -75
Volume: 0.5
Difficulty:
- Overall: 21.590096855163576
  Chordjack: 12.113100528717041
  Handstream: 12.341699409484864
  Jack: 13.256101799011232
  Jumpstream: 20.296796607971192
  Stamina: 18.495589828491212
  Stream: 20.726097679138185
  Technical: 21.590096855163576
  Rate: 100
