Artist: ''
AssetId: rbxassetid://248331253
CoverImageAssetId: rbxassetid://6497072204
Description: ''
Filename: unravel (TV edit)
HitSFXGroup: 0
Mapper: Yasi
MD5Hash: db2e97717640a98b9dc836e5827043c9
NotePrebufferTime: 800
TimeOffset: 1000
Volume: 0.5
Difficulty:
- Overall: 12
  Chordjack: 7.813801002502442
  Handstream: 7.46640214920044
  Jack: 7.294500446319581
  Jumpstream: 13.000500583648682
  Stamina: 11.50068998336792
  Stream: 12.798899745941162
  Technical: 14.187602519989014
  Rate: 100
