Artist: YasiCreeper
AssetId: rbxassetid://10718814450
CoverImageAssetId: rbxassetid://6503916170
Description: ''
Filename: Grin [loved]
HitSFXGroup: 0
Mapper: Yasi
MD5Hash: 945d407c2cd6829335eeb2bc94c0f263
NotePrebufferTime: 800
TimeOffset: -400
Volume: 0.3
Difficulty:
- Overall: 31
  Chordjack: 26.507694053649903
  Handstream: 33.154197692871094
  Jack: 18.896398544311523
  Jumpstream: 31.2093017578125
  Stamina: 31.93256950378418
  Stream: 30.11220359802246
  Technical: 32.42430038452149
  Rate: 100
