Artist: ''
AssetId: rbxassetid://10718691708
CoverImageAssetId: rbxassetid://8301860757
Description: ''
Filename: Soulless 6
HitSFXGroup: 0
Mapper: Yasi
MD5Hash: 8c5e416ba1e2cf64c902073944ef6eed
NotePrebufferTime: 800
TimeOffset: -75
Volume: 0.5
Difficulty:
- Overall: 62.4551742553711
  Chordjack: 59.86446762084961
  Handstream: 44.38348846435547
  Jack: 59.925469207763676
  Jumpstream: 50.77092247009278
  Stamina: 50.55617065429688
  Stream: 60.04486312866211
  Technical: 59.713687133789065
  Rate: 100
