Artist: '4096'
AssetId: rbxassetid://13646158876
CoverImageAssetId: ''
Description: ''
Filename: REDZONE ERROR
HitSFXGroup: 0
Mapper: YasiCreeper
MD5Hash: 46029a1bca1c336d2d11260fa37b279f
NotePrebufferTime: 1000
TimeOffset: -75
Volume: 0.5
Difficulty:
- Overall: 42.9569995880127
  Chordjack: 40.55309829711914
  Handstream: 30.1814998626709
  Jack: 36.32490348815918
  Jumpstream: 42.79949684143067
  Stamina: 40.13548049926758
  Stream: 30.558602142333985
  Technical: 39.5036979675293
  Rate: 100
