Artist: ''
AssetId: rbxassetid://10718906568
CoverImageAssetId: rbxassetid://6592847915
Description: ''
Filename: Heart Function
HitSFXGroup: 0
Mapper: Yasi
MD5Hash: 6a7acfba5e2c8c862eb9f4309b0f1603
NotePrebufferTime: 800
TimeOffset: -75
Volume: 0.5
Difficulty:
- Overall: 20
  Chordjack: 13.888800144195557
  Handstream: 19.49759616851807
  Jack: 12.829500102996827
  Jumpstream: 23.946296882629394
  Stamina: 22.00899181365967
  Stream: 21.785394287109376
  Technical: 22.31639614105225
  Rate: 100
