Artist: ''
AssetId: rbxassetid://10719439645
CoverImageAssetId: rbxassetid://10027099187
Description: Senpai fuf me
Filename: "senpai, notice me! (feat. Nanahira) [\u23E9]"
HitSFXGroup: 0
Mapper: Yasi
MD5Hash: d04b3978fd89c20cdb2ec06c05945d7c
NotePrebufferTime: 800
TimeOffset: -175
Volume: 0.5
Difficulty:
- Overall: 29.490480422973633
  Chordjack: 18.783898544311523
  Handstream: 18.31769714355469
  Jack: 21.809696388244628
  Jumpstream: 28.931403350830077
  Stamina: 24.682712173461915
  Stream: 27.072894287109374
  Technical: 29.427302169799805
  Rate: 100
