Artist: BlackYooh
AssetId: rbxassetid://10045037189
CoverImageAssetId: rbxassetid://6550165761
Description: ''
Filename: BLACK or WHITE?
HitSFXGroup: 0
Mapper: Yasi
MD5Hash: e023b5c91357677a3d61defaf8417f46
NotePrebufferTime: 800
TimeOffset: -75
Volume: 0.5
Difficulty:
- Overall: 27.520194053649902
  Chordjack: 15.911100769042969
  Handstream: 16.430398750305176
  Jack: 14.811298942565918
  Jumpstream: 25.088396072387695
  Stamina: 23.829925918579104
  Stream: 26.951394081115723
  Technical: 27.520194053649902
  Rate: 100
