Artist: Yasicree // Schleini
AssetId: rbxassetid://8692476378
CoverImageAssetId: ''
Description: ''
Filename: Herz An Herz (Hardtekk Extended Edit)
HitSFXGroup: 0
Mapper: YasiCreeper
MD5Hash: 5bd2ef232b45b9e4d29dc45d96905940
NotePrebufferTime: 1000
TimeOffset: -75
Volume: 0.5
Difficulty:
- Overall: 40
  Chordjack: 27.80189552307129
  Handstream: 40.96979942321777
  Jack: 24.92009754180908
  Jumpstream: 35.22419700622559
  Stamina: 38.2624008178711
  Stream: 33.45209884643555
  Technical: 39.08340225219727
  Rate: 100
