Artist: YasiCreeper / Darude
AssetId: rbxassetid://615176737
CoverImageAssetId: rbxassetid://6503654689
Description: ddddd
Filename: Darude Pianostorm (Custom)
HitSFXGroup: 0
Mapper: Yasi
MD5Hash: 9aabdb61a7cc2596b1296cfdb5b7499d
NotePrebufferTime: 800
TimeOffset: -75
Volume: 0.5
Difficulty:
- Overall: 33
  Chordjack: 19.4156982421875
  Handstream: 16.76069927215576
  Jack: 36.47069549560547
  Jumpstream: 20.818796539306643
  Stamina: 21.590653038024904
  Stream: 24.83819446563721
  Technical: 30.503704833984376
  Rate: 100
