Artist: ''
AssetId: rbxassetid://10718910842
CoverImageAssetId: rbxassetid://6578049013
Description: ''
Filename: Mopemope
HitSFXGroup: 0
Mapper: Yasi
MD5Hash: e35320335068a17a7ab25f08c139befe
NotePrebufferTime: 800
TimeOffset: -1400
Volume: 0.5
Difficulty:
- Overall: 14
  Chordjack: 12.009600734710693
  Handstream: 11.947500514984132
  Jack: 16.496098709106445
  Jumpstream: 18.435597610473632
  Stamina: 16.447200965881347
  Stream: 15.801301002502441
  Technical: 19.590298461914063
  Rate: 100
