Artist: f57gds44ug5e23
AssetId: rbxassetid://205144935
CoverImageAssetId: rbxassetid://6726863149
Description: yes, this is art
Filename: Leaked Week 69 FNF
HitSFXGroup: 0
Mapper: Yasi
MD5Hash: 8c4105722242d974bb14221167b5a4e0
NotePrebufferTime: 600
TimeOffset: -75
Volume: 0.5
Difficulty:
- Overall: 20
  Chordjack: 15.423014259338379
  Handstream: 16.447111701965333
  Jack: 17.941856575012206
  Jumpstream: 24.24099655151367
  Stamina: 18.53138294219971
  Stream: 17.577937889099122
  Technical: 24.975829124450684
  Rate: 100
