Artist: ''
AssetId: rbxassetid://10718917720
CoverImageAssetId: rbxassetid://6504609919
Description: ''
Filename: NANO DEATH!!!
HitSFXGroup: 0
Mapper: Yasi
MD5Hash: 60c7bb6c87668bc6b303692c834f5f16
NotePrebufferTime: 800
TimeOffset: -92
Volume: 1
Difficulty:
- Overall: 22.239896965026855
  Chordjack: 16.10639820098877
  Handstream: 15.174000549316407
  Jack: 13.644901084899903
  Jumpstream: 21.093296813964844
  Stamina: 19.54904136657715
  Stream: 19.168196868896484
  Technical: 22.239896965026855
  Rate: 100
