Artist: SOOOO
AssetId: rbxassetid://3573130923
CoverImageAssetId: rbxassetid://6701043830
Description: iiiiiiiiiiiiiiiiiiiillllllllllllllllllllllllluuuuuuuuuuuuuuuuuuuvvvvvvvvvvvvvvvvvuuuuuuuuuuu
Filename: iiillluuuvvvUUU (LN)
HitSFXGroup: 0
Mapper: Yasi
MD5Hash: eb8da66c34c6a5b101b06231efa365cc
NotePrebufferTime: 800
TimeOffset: -175
Volume: 0.5
Difficulty:
- Overall: 46
  Chordjack: 41.95349807739258
  Handstream: 49.805993270874026
  Jack: 35.67690238952637
  Jumpstream: 48.31919631958008
  Stamina: 45.46972732543946
  Stream: 42.39089813232422
  Technical: 49.35869522094727
  Rate: 100
