Artist: takehirotei
AssetId: rbxassetid://11670705965
CoverImageAssetId: ''
Description: ''
Filename: can we get much higher || takehirotei mix
HitSFXGroup: 0
Mapper: YasiCreeper
MD5Hash: f7b2adbb8ed35dd9497f43b34ec52f80
NotePrebufferTime: 1000
TimeOffset: -75
Volume: 0.5
Difficulty:
- Overall: 42.58408241271973
  Chordjack: 27.378877258300783
  Handstream: 24.39766845703125
  Jack: 23.75772171020508
  Jumpstream: 36.05093536376953
  Stamina: 37.21489219665528
  Stream: 42.42810401916504
  Technical: 41.29887771606445
  Rate: 100
