Artist: Exilelord
AssetId: rbxassetid://5677056394
CoverImageAssetId: rbxassetid://6598284903
Description: mapped by Slick6969
Filename: Soulless 5 Full
HitSFXGroup: 0
Mapper: Yasi
MD5Hash: b3889deb1ed759768ef15fd9d96cb434
NotePrebufferTime: 800
TimeOffset: -500
Volume: 0.5
Difficulty:
- Overall: 33
  Chordjack: 23.46479358673096
  Handstream: 21.97529640197754
  Jack: 21.036597061157227
  Jumpstream: 31.45500068664551
  Stamina: 32.6103572845459
  Stream: 32.16060104370117
  Technical: 32.64300041198731
  Rate: 100
