Artist: Shiggy Jr.
AssetId: rbxassetid://6572144158
CoverImageAssetId: rbxassetid://6570957897
Description: ''
Filename: Oyasumi
HitSFXGroup: 0
Mapper: Yasi
MD5Hash: 6db93a0da6b40c1fc01f9035f7049c01
NotePrebufferTime: 800
TimeOffset: -75
Volume: 0.5
Difficulty:
- Overall: 29
  Chordjack: 33.17309761047363
  Handstream: 28.08809452056885
  Jack: 22.32809829711914
  Jumpstream: 31.258802032470705
  Stamina: 29.962710571289062
  Stream: 23.71229667663574
  Technical: 32.66729736328125
  Rate: 100
