Artist: Sewerslvt
AssetId: rbxassetid://10718722699
CoverImageAssetId: ''
Description: ''
Filename: I miss the Rage [REMIX]
HitSFXGroup: 0
Mapper: YasiCreeper
MD5Hash: d58a1de0bd8bc63ecd6ccafeb149612c
NotePrebufferTime: 1000
TimeOffset: -75
Volume: 0.5
Difficulty:
- Overall: 42.41753997802734
  Chordjack: 31.494602966308594
  Handstream: 36.06749382019043
  Jack: 25.671596717834472
  Jumpstream: 36.594899368286136
  Stamina: 39.67249946594239
  Stream: 41.33970222473145
  Technical: 41.70959815979004
  Rate: 100
