Artist: ''
AssetId: rbxassetid://4642015776
CoverImageAssetId: rbxassetid://6589168121
Description: ''
Filename: The Intense Voice of Hatsune Miku
HitSFXGroup: 0
Mapper: Yasi
MD5Hash: 9129d9ff0d258ddce3f62975d935536d
NotePrebufferTime: 800
TimeOffset: 6090
Volume: 0.5
Difficulty:
- Overall: 33
  Chordjack: 24.58169460296631
  Handstream: 23.724894905090334
  Jack: 28.152000617980956
  Jumpstream: 34.35929832458496
  Stamina: 30.395314407348632
  Stream: 27.185394287109375
  Technical: 31.59360008239746
  Rate: 100
