Artist: YasiCreper
AssetId: rbxassetid://10718804864
CoverImageAssetId: rbxassetid://6496994239
Description: ''
Filename: Spear of Justice
HitSFXGroup: 0
Mapper: Yasi
MD5Hash: 326897b816f14876fa8109296b341b4f
NotePrebufferTime: 769
TimeOffset: -125
Volume: 0.5
Difficulty:
- Overall: 34.625342559814456
  Chordjack: 25.34399642944336
  Handstream: 33.886800384521486
  Jack: 20.940296745300294
  Jumpstream: 33.1721981048584
  Stamina: 32.25421485900879
  Stream: 27.321295166015627
  Technical: 32.87609939575196
  Rate: 100
