Artist: Fallen Shepherd ft. RabbiTon Strings
AssetId: rbxassetid://10070108936
CoverImageAssetId: ''
Description: ''
Filename: ENDYMION (HEAVY)
HitSFXGroup: 0
MD5Hash: 087594ea89c36f0c98238ebb2f289331
NotePrebufferTime: 1000
TimeOffset: 1065
Volume: 0.5
Difficulty:
- Overall: 40.55940170288086
  Chordjack: 32.67810173034668
  Handstream: 31.869899368286134
  Jack: 27.95849361419678
  Jumpstream: 40.29659843444824
  Stamina: 38.48522071838379
  Stream: 29.945702362060548
  Technical: 38.56319961547852
  Rate: 100
