Artist: t+pazolite / Dellvangel
AssetId: rbxassetid://10026852324
CoverImageAssetId: rbxassetid://6670190288
Description: SOUND VOLTEX III GRAVITY WARS
Filename: Angelic Jelly
HitSFXGroup: 0
Mapper: Yasi
MD5Hash: aa519cfc46354693bdb1af3e6763bcc4
NotePrebufferTime: 800
TimeOffset: -117
Volume: 0.5
Difficulty:
- Overall: 34.625342559814456
  Chordjack: 27.785694122314453
  Handstream: 32.15340156555176
  Jack: 23.396395111083987
  Jumpstream: 34.33499794006348
  Stamina: 30.76123809814453
  Stream: 27.921595001220705
  Technical: 33.74909706115723
  Rate: 100
