Artist: Slowless / Kobaryo
AssetId: rbxassetid://10718744302
CoverImageAssetId: rbxassetid://6581161986
Description: ''
Filename: Perfect Neglect
HitSFXGroup: 0
Mapper: Yasi
MD5Hash: d0ca4ccb89576b1cff3baac1a59f20fa
NotePrebufferTime: 800
TimeOffset: -75
Volume: 0.5
Difficulty:
- Overall: 28
  Chordjack: 21.421796607971192
  Handstream: 26.399695014953615
  Jack: 19.15199718475342
  Jumpstream: 31.11840362548828
  Stamina: 28.46221160888672
  Stream: 28.490398406982422
  Technical: 31.159801483154297
  Rate: 100
