Artist: puxtu / Masa
AssetId: rbxassetid://6578172611
CoverImageAssetId: rbxassetid://6578151454
Description: ''
Filename: "Kitsune no Yomeiri \u72D0\u306E\u5AC1\u5165\u308A"
HitSFXGroup: 0
Mapper: Yasi
MD5Hash: eff6cc23f21d7dbc66cce4f26d256c78
NotePrebufferTime: 800
TimeOffset: -75
Volume: 0.5
Difficulty:
- Overall: 24.3955810546875
  Chordjack: 14.238900947570801
  Handstream: 20.35799560546875
  Jack: 14.16509943008423
  Jumpstream: 23.994895935058594
  Stamina: 22.906763648986818
  Stream: 24.00659465789795
  Technical: 22.51709575653076
  Rate: 100
