Artist: ''
AssetId: rbxassetid://10718831118
CoverImageAssetId: rbxassetid://6572917046
Description: ''
Filename: Time to Air
HitSFXGroup: 0
Mapper: Yasi
MD5Hash: ee7df884a96b1990aea4f75ff0d24480
NotePrebufferTime: 800
TimeOffset: -75
Volume: 0.5
Difficulty:
- Overall: 22.90049800872803
  Chordjack: 13.920300006866455
  Handstream: 15.021000480651855
  Jack: 21.68009719848633
  Jumpstream: 22.90049800872803
  Stamina: 16.043273162841796
  Stream: 19.571396827697754
  Technical: 20.528997802734377
  Rate: 100
