Artist: ''
AssetId: rbxassetid://9513121541
CoverImageAssetId: rbxassetid://6504654268
Description: ''
Filename: AiAe
HitSFXGroup: 0
Mapper: Yasi
MD5Hash: 88562087f19380151ca0249d5533901c
NotePrebufferTime: 800
TimeOffset: -75
Volume: 0.5
Difficulty:
- Overall: 33
  Chordjack: 22.171496772766115
  Handstream: 27.86939277648926
  Jack: 21.916795921325683
  Jumpstream: 36.172797775268556
  Stamina: 36.13662872314453
  Stream: 34.47089538574219
  Technical: 33.812996292114256
  Rate: 100
