Artist: YasiCreeper
AssetId: rbxassetid://572119630
CoverImageAssetId: rbxassetid://6497012555
Description: BRUH no poggers Sadge
Filename: CAILLOU (BRUH) (Custom)
HitSFXGroup: 0
Mapper: Yasi
MD5Hash: 56393958417e42732603de2b8ea4826b
NotePrebufferTime: 750
TimeOffset: -75
Volume: 0.5
Difficulty:
- Overall: 22.30649814605713
  Chordjack: 16.26749897003174
  Handstream: 13.352400398254394
  Jack: 19.865698242187502
  Jumpstream: 21.165296745300292
  Stamina: 19.43759365081787
  Stream: 18.710097885131837
  Technical: 22.30649814605713
  Rate: 100
