Artist: Jarvis9999 / TotalDodal
AssetId: rbxassetid://10718703889
CoverImageAssetId: rbxassetid://6859850163
Description: this is not clone hero
Filename: Prevail
HitSFXGroup: 0
Mapper: Yasi
MD5Hash: 49b7f9803f295b2ad7d301e3b774ac99
NotePrebufferTime: 800
TimeOffset: -75
Volume: 0.5
Difficulty:
- Overall: 53.036993408203124
  Chordjack: 21.25529708862305
  Handstream: 21.020395660400393
  Jack: 53.036993408203124
  Jumpstream: 23.48279571533203
  Stamina: 31.39789924621582
  Stream: 40.06080093383789
  Technical: 44.98020057678223
  Rate: 100
