Artist: Shiggy Jr.
AssetId: rbxassetid://6572144158
CoverImageAssetId: rbxassetid://6570957897
Description: ''
Filename: Oyasumi
HitSFXGroup: 0
Mapper: Yasi
MD5Hash: 12c621c8d05088c2437ae197e2b14bbb
NotePrebufferTime: 800
TimeOffset: -75
Volume: 0.5
Difficulty:
- Overall: 27
  Chordjack: 29.727002334594726
  Handstream: 26.172894287109376
  Jack: 20.077198791503907
  Jumpstream: 31.30740280151367
  Stamina: 29.299713134765625
  Stream: 26.962193298339844
  Technical: 31.416297912597656
  Rate: 100
