Artist: Chroma
AssetId: rbxassetid://10718904223
CoverImageAssetId: rbxassetid://6543138007
Description: Jakads edit no sv's
Filename: Made In Love
HitSFXGroup: 0
Mapper: Yasi
MD5Hash: 5f85b13802599e8218c88aa37a828607
NotePrebufferTime: 675
TimeOffset: -75
Volume: 0.5
Difficulty:
- Overall: 32
  Chordjack: 28.221298599243166
  Handstream: 30.181503295898438
  Jack: 23.475596237182618
  Jumpstream: 32.31359939575196
  Stamina: 28.247586822509767
  Stream: 26.36279468536377
  Technical: 32.02469673156738
  Rate: 100
