Artist: "\u30D3\u30FC\u30C8\u307E\u308A\u304A"
AssetId: rbxassetid://10718862983
CoverImageAssetId: rbxassetid://6566266654
Description: Mapped by FAMoss
Filename: Night of Knights (Cranky Remix)
HitSFXGroup: 0
Mapper: Yasi
MD5Hash: ac9cf8d98dc80adfcc262f691b038518
NotePrebufferTime: 800
TimeOffset: -75
Volume: 0.5
Difficulty:
- Overall: 32
  Chordjack: 27.830693435668945
  Handstream: 33.093000411987305
  Jack: 18.798299217224123
  Jumpstream: 33.776099395751956
  Stamina: 33.742326736450195
  Stream: 30.06720085144043
  Technical: 33.02820167541504
  Rate: 100
