Artist: ''
AssetId: rbxassetid://3750420170
CoverImageAssetId: rbxassetid://6576734186
Description: ''
Filename: A Cruel Angel's Thesis (Eurobeat Remix)
HitSFXGroup: 0
Mapper: Yasi
MD5Hash: a855314918e138a78920ef1052aad97e
NotePrebufferTime: 800
TimeOffset: -200
Volume: 0.5
Difficulty:
- Overall: 18
  Chordjack: 13.22010097503662
  Handstream: 16.302598571777345
  Jack: 14.00400037765503
  Jumpstream: 23.66909637451172
  Stamina: 21.41491985321045
  Stream: 21.480297088623047
  Technical: 23.761795234680175
  Rate: 100
