Artist: Chroma
AssetId: rbxassetid://10718904223
CoverImageAssetId: rbxassetid://6543138007
Description: Jakads edit no sv's
Filename: Made In Love
HitSFXGroup: 0
Mapper: Yasi
MD5Hash: 46132a2b7ceb4d2a2cd3682f188c5a73
NotePrebufferTime: 675
TimeOffset: -75
Volume: 0.5
Difficulty:
- Overall: 30.685501098632812
  Chordjack: 19.205996704101562
  Handstream: 21.961795234680178
  Jack: 26.413194465637208
  Jumpstream: 27.23309555053711
  Stamina: 26.330378150939943
  Stream: 27.321296882629394
  Technical: 30.685501098632812
  Rate: 100
