Artist: pou
AssetId: rbxassetid://7672244973
CoverImageAssetId: rbxassetid://7238677275
Description: ''
Filename: como matar a tu pou
HitSFXGroup: 0
Mapper: Yasi
MD5Hash: c5af06196dbb4569afc45fce765c524b
NotePrebufferTime: 800
TimeOffset: -75
Volume: 0.5
Difficulty:
- Overall: 45.31186065673828
  Chordjack: 23.669874000549317
  Handstream: 27.93292980194092
  Jack: 45.31186065673828
  Jumpstream: 31.6505916595459
  Stamina: 26.82462215423584
  Stream: 32.27063255310059
  Technical: 38.22697334289551
  Rate: 100
