Artist: Schmutz06 // Curiossity
AssetId: rbxassetid://6551097099
CoverImageAssetId: rbxassetid://8362015056
Description: ''
Filename: Zoidberg the Cowboy
HitSFXGroup: 0
Mapper: Yasi
MD5Hash: 956d5164dc36a4ce910513c770bdccf1
NotePrebufferTime: 800
TimeOffset: -200
Volume: 0.5
Difficulty:
- Overall: 0
  Chordjack: 38.15290489196777
  Handstream: 33.16374549865723
  Jack: 38.536502838134766
  Jumpstream: 42.489867782592775
  Stamina: 51.82577133178711
  Stream: 61.83693237304688
  Technical: 58.471421813964845
  Rate: 100
