Artist: Camellia // Wonki
AssetId: rbxassetid://10044608437
CoverImageAssetId: rbxassetid://8347390377
Description: ''
Filename: K.Y.A.F.A.
HitSFXGroup: 0
Mapper: Yasi
MD5Hash: 970e630fe366b7dd81feadaadf691047
NotePrebufferTime: 800
TimeOffset: -75
Volume: 0.5
Difficulty:
- Overall: 31
  Chordjack: 24.71309452056885
  Handstream: 26.495095825195314
  Jack: 21.9392972946167
  Jumpstream: 37.12679901123047
  Stamina: 37.08967552185059
  Stream: 33.075
  Technical: 35.954101181030275
  Rate: 100
