Artist: ''
AssetId: rbxassetid://2630539833
CoverImageAssetId: rbxassetid://6510121601
Description: If you want to have broken fingers, play this. You can find this on YouTube,
  its called Terminal64
Filename: Mario having a seizure (Custom)
HitSFXGroup: 0
Mapper: Yasi
MD5Hash: 2a9a74cb91cbd38b2100b960d2c336a1
NotePrebufferTime: 800
TimeOffset: -75
Volume: 0.7
Difficulty:
- Overall: 0
  Chordjack: 78.0047836303711
  Handstream: 42.82380065917969
  Jack: 59.04990692138672
  Jumpstream: 48.0698959350586
  Stamina: 71.96420516967774
  Stream: 42.281999588012695
  Technical: 50.11559829711914
  Rate: 100
