Artist: YasiCreeper
AssetId: rbxassetid://10044534292
CoverImageAssetId: rbxassetid://6496889387
Description: ''
Filename: Coffin dance (Hard Renaissance) [loved]
HitSFXGroup: 0
Mapper: Yasi
MD5Hash: f2ecb1503d398298283ab9fa4cd467fd
NotePrebufferTime: 900
TimeOffset: -75
Volume: 0.5
Difficulty:
- Overall: 24
  Chordjack: 16.628722572326662
  Handstream: 23.693214797973635
  Jack: 16.845657920837404
  Jumpstream: 26.667399215698243
  Stamina: 23.07014579772949
  Stream: 23.275904273986818
  Technical: 27.287570571899415
  Rate: 100
