Artist: tgall2tall
AssetId: rbxassetid://12143970815
CoverImageAssetId: rbxassetid://12144037253
Description: ''
Filename: Day'n Night
HitSFXGroup: 0
Mapper: YasiCreeper
MD5Hash: 73050a93eef41998a04db6b08bfbe6e6
NotePrebufferTime: 1000
TimeOffset: -75
Volume: 0.5
Difficulty:
- Overall: 42.57738075256348
  Chordjack: 26.685894012451172
  Handstream: 23.417996978759767
  Jack: 23.038194465637208
  Jumpstream: 34.31069412231445
  Stamina: 40.255537033081055
  Stream: 42.51870002746582
  Technical: 40.012200164794926
  Rate: 100
