Artist: Gram vs Camellia
AssetId: rbxassetid://10693736343
CoverImageAssetId: ''
Description: ''
Filename: Ragnarok (Speed up ver.)
HitSFXGroup: 0
Mapper: riunosk
MD5Hash: f91eedd981903bd9bc0ba01edd1621b9
NotePrebufferTime: 1000
TimeOffset: -70
Volume: 0.5
Difficulty:
- Overall: 0
  Chordjack: 36.48779640197754
  Handstream: 49.7942928314209
  Jack: 30.716101455688477
  Jumpstream: 46.91969604492188
  Stamina: 49.744500732421876
  Stream: 45.96389236450195
  Technical: 47.53799629211426
  Rate: 100
