Artist: Diabarha / Samsung_Galaxy
AssetId: rbxassetid://4550031738
CoverImageAssetId: rbxassetid://6694803477
Description: BrbRBBrBRbrbrBRbRBr
Filename: Uranoid
HitSFXGroup: 0
Mapper: Yasi
MD5Hash: 8b294ac89d1fecb5a484822cf78b8669
NotePrebufferTime: 800
TimeOffset: -75
Volume: 0.5
Difficulty:
- Overall: 34
  Chordjack: 38.30669288635254
  Handstream: 24.570895385742187
  Jack: 29.974500274658205
  Jumpstream: 33.52319755554199
  Stamina: 32.58205032348633
  Stream: 35.202602005004884
  Technical: 37.01520195007324
  Rate: 100
