Artist: CaptainSparklez / YasiCreeper
AssetId: rbxassetid://3807239428
CoverImageAssetId: rbxassetid://6657479605
Description: ''
Filename: Revenge (Custom)
HitSFXGroup: 0
Mapper: Yasi
MD5Hash: 95679c572a9a337c670a4890d517a22d
NotePrebufferTime: 800
TimeOffset: -238
Volume: 0.5
Difficulty:
- Overall: 23.642995262146
  Chordjack: 13.72050075531006
  Handstream: 17.0387975692749
  Jack: 12.273300075531006
  Jumpstream: 23.642995262146
  Stamina: 23.619354057312012
  Stream: 20.16449718475342
  Technical: 20.09249725341797
  Rate: 100
