Artist: ''
AssetId: rbxassetid://6107018120
CoverImageAssetId: rbxassetid://6566557058
Description: ''
Filename: Amongus Drip (SUSSY!)
HitSFXGroup: 0
Mapper: Yasi
MD5Hash: bddaaaf20adaef2642e983e1c8c4cf70
NotePrebufferTime: 800
TimeOffset: -75
Volume: 0.5
Difficulty:
- Overall: 18
  Chordjack: 10.6461012840271
  Handstream: 11.884500789642335
  Jack: 13.644901084899903
  Jumpstream: 15.640198516845704
  Stamina: 14.898626518249513
  Stream: 13.898702430725098
  Technical: 19.246498489379885
  Rate: 100
