Artist: YasiCreeper
AssetId: rbxassetid://10065329280
CoverImageAssetId: rbxassetid://6497001135
Description: ''
Filename: Kai Dan [loved]
HitSFXGroup: 0
Mapper: Yasi
MD5Hash: 8e83ea70e7989554d2f8341fcf838158
NotePrebufferTime: 800
TimeOffset: -75
Volume: 0.5
Difficulty:
- Overall: 23
  Chordjack: 15.973199272155762
  Handstream: 16.60499725341797
  Jack: 14.16330213546753
  Jumpstream: 26.208895111083987
  Stamina: 23.298287200927735
  Stream: 25.752595138549804
  Technical: 26.630994987487792
  Rate: 100
