Artist: DJ Myosuke & Noizenecio // Mat
AssetId: rbxassetid://10026828552
CoverImageAssetId: rbxassetid://10026828552
Description: ''
Filename: Architecture
HitSFXGroup: 0
Mapper: Yasi
MD5Hash: ddf27cf5f596830277026bdd8cecaab3
NotePrebufferTime: 800
TimeOffset: 350
Volume: 0.5
Difficulty:
- Overall: 40
  Chordjack: 29.175303268432618
  Handstream: 27.460794067382814
  Jack: 24.692395591735842
  Jumpstream: 39.427198791503905
  Stamina: 38.79963912963867
  Stream: 34.91279640197754
  Technical: 37.80809555053711
  Rate: 100
