Artist: ''
AssetId: rbxassetid://10698198879
CoverImageAssetId: rbxassetid://6491877670
Description: ''
Filename: Altale [loved]
HitSFXGroup: 0
Mapper: Yasi
MD5Hash: 761ec66e09879f100effd74be287581e
NotePrebufferTime: 800
TimeOffset: 45
Volume: 0.5
Difficulty:
- Overall: 31
  Chordjack: 25.127097129821777
  Handstream: 29.092500686645508
  Jack: 22.61249828338623
  Jumpstream: 33.13259925842285
  Stamina: 28.271823692321778
  Stream: 33.46109733581543
  Technical: 31.78440170288086
  Rate: 100
