Artist: ''
AssetId: rbxassetid://6989638033
CoverImageAssetId: rbxassetid://8382361899
Description: ''
Filename: The End [MANIA]
HitSFXGroup: 0
Mapper: Yasi
MD5Hash: 4a28b750e7988445ca4ced69469c3664
NotePrebufferTime: 800
TimeOffset: -75
Volume: 0.5
Difficulty:
- Overall: 47.132820510864256
  Chordjack: 46.73069686889649
  Handstream: 41.7348014831543
  Jack: 32.04810104370117
  Jumpstream: 43.686896896362306
  Stamina: 45.528178024292
  Stream: 32.98769989013672
  Technical: 41.92829818725586
  Rate: 100
