Artist: YasiCreeper
AssetId: rbxassetid://513919776
CoverImageAssetId: rbxassetid://6497424358
Description: Sadge
Filename: I'm fine (Custom)
HitSFXGroup: 0
Mapper: Yasi
MD5Hash: b99a9d4210f32ec28d7903cb45e2a7e9
NotePrebufferTime: 800
TimeOffset: -75
Volume: 0.5
Difficulty:
- Overall: 1
  Chordjack: 1.2460068941116333
  Handstream: 2.591740679740906
  Jack: 1.376643669605255
  Jumpstream: 2.5439183950424193
  Stamina: 2.1840916872024536
  Stream: 2.8638033628463746
  Technical: 2.2628162384033206
  Rate: 100
