Artist: t+pazolite / Dellvangel
AssetId: rbxassetid://10026852324
CoverImageAssetId: rbxassetid://6670190288
Description: SOUND VOLTEX III GRAVITY WARS
Filename: Angelic Jelly
HitSFXGroup: 0
Mapper: Yasi
MD5Hash: 06d838525d446da61888c40f13e114c4
NotePrebufferTime: 800
TimeOffset: -117
Volume: 0.5
Difficulty:
- Overall: 15.67979907989502
  Chordjack: 9.049500274658204
  Handstream: 8.490600872039796
  Jack: 7.294500446319581
  Jumpstream: 14.64840259552002
  Stamina: 13.848702621459962
  Stream: 15.67979907989502
  Technical: 15.460199546813966
  Rate: 100
