Artist: YasiCreeper
AssetId: rbxassetid://6247294001
CoverImageAssetId: rbxassetid://6536279215
Description: ''
Filename: I See A Dreamer (Custom)
HitSFXGroup: 0
Mapper: Yasi
MD5Hash: ed0780e0fc3c91e45c5caf597931488a
NotePrebufferTime: 800
TimeOffset: -75
Volume: 0.5
Difficulty:
- Overall: 20.038497734069825
  Chordjack: 13.132800006866455
  Handstream: 16.317898750305176
  Jack: 11.83049955368042
  Jumpstream: 17.50319652557373
  Stamina: 17.184393882751465
  Stream: 17.04509754180908
  Technical: 20.038497734069825
  Rate: 100
