Artist: YasiCreeper
AssetId: rbxassetid://1045706264
CoverImageAssetId: rbxassetid://6527934468
Description: oof
Filename: Oof Channel (Custom) [waves]
HitSFXGroup: 0
Mapper: Yasi
MD5Hash: 35a0165b9d9088adba648198c19c258a
NotePrebufferTime: 800
TimeOffset: -75
Volume: 0.5
Difficulty:
- Overall: 37.232102966308595
  Chordjack: 19.98269920349121
  Handstream: 19.019697761535646
  Jack: 32.72310104370117
  Jumpstream: 21.97979736328125
  Stamina: 27.551757431030275
  Stream: 33.08849945068359
  Technical: 37.232102966308595
  Rate: 100
