Artist: YasiCreeper / iLikeBacon_Ss
AssetId: rbxassetid://6436391970
CoverImageAssetId: rbxassetid://6505224754
Description: sus
Filename: A m o g u s (Custom)
HitSFXGroup: 0
Mapper: Yasi
MD5Hash: b75bed686016e1d159c71a157975fad1
NotePrebufferTime: 800
TimeOffset: -75
Volume: 1
Difficulty:
- Overall: 1.891900634765625
  Chordjack: 0.847681474685669
  Handstream: 1.5209856748580932
  Jack: 0.09593660160899163
  Jumpstream: 1.613714361190796
  Stamina: 1.4306750535964967
  Stream: 1.891900634765625
  Technical: 1.1156617283821106
  Rate: 100
