Artist: ''
AssetId: rbxassetid://10718814450
CoverImageAssetId: rbxassetid://6503916170
Description: ''
Filename: Grin
HitSFXGroup: 0
Mapper: Yasi
MD5Hash: 9f6712bbfcc0405965e34680982bf951
NotePrebufferTime: 750
TimeOffset: -400
Volume: 0.23
Difficulty:
- Overall: 27
  Chordjack: 17.92799663543701
  Handstream: 17.786697006225587
  Jack: 16.625699615478517
  Jumpstream: 30.618003845214844
  Stamina: 29.46155891418457
  Stream: 28.38599395751953
  Technical: 29.828701400756838
  Rate: 100
