Artist: Camellia // Wonki
AssetId: rbxassetid://10044608437
CoverImageAssetId: rbxassetid://8347390377
Description: ''
Filename: K.Y.A.F.A.
HitSFXGroup: 0
Mapper: Yasi
MD5Hash: 7f0b74bdc11409131282067874695039
NotePrebufferTime: 800
TimeOffset: -75
Volume: 0.5
Difficulty:
- Overall: 29.969999313354492
  Chordjack: 18.71279640197754
  Handstream: 17.92799663543701
  Jack: 17.14409809112549
  Jumpstream: 28.521894836425783
  Stamina: 26.935702514648437
  Stream: 29.346302032470703
  Technical: 29.331003570556643
  Rate: 100
