Artist: ''
AssetId: rbxassetid://454451340
CoverImageAssetId: rbxassetid://6473740070
Description: ''
Filename: TitanicFlute (Custom)
HitSFXGroup: 0
Mapper: Yasi
MD5Hash: a585cf832d586b353688913721f32dae
NotePrebufferTime: 800
TimeOffset: -75
Volume: 0.5
Difficulty:
- Overall: 12.330900192260742
  Chordjack: 5.161500549316407
  Handstream: 6.333300161361694
  Jack: 11.358900260925294
  Jumpstream: 9.086400604248047
  Stamina: 9.611644077301026
  Stream: 9.917100048065185
  Technical: 12.330900192260742
  Rate: 100
