Artist: ''
AssetId: rbxassetid://6989638033
CoverImageAssetId: rbxassetid://7245109228
Description: ''
Filename: The End [MANIP]
HitSFXGroup: 0
Mapper: Yasi
MD5Hash: af52aa62f8194d7c762d10a674a42827
NotePrebufferTime: 800
TimeOffset: -75
Volume: 0.5
Difficulty:
- Overall: 48
  Chordjack: 48.32009582519532
  Handstream: 36.84419975280762
  Jack: 37.232102966308595
  Jumpstream: 39.5658016204834
  Stamina: 45.86521797180176
  Stream: 35.80199546813965
  Technical: 40.441497802734375
  Rate: 100
