Artist: ''
AssetId: rbxassetid://5052646759
CoverImageAssetId: rbxassetid://6568425893
Description: ''
Filename: Cliffs of Dover (Custom)
HitSFXGroup: 0
Mapper: Yasi
MD5Hash: bf3a32b908b62692974d4ec3f3283f62
NotePrebufferTime: 800
TimeOffset: -75
Volume: 0.5
Difficulty:
- Overall: 14.795100975036622
  Chordjack: 7.838101387023926
  Handstream: 7.852502059936524
  Jack: 7.424100494384766
  Jumpstream: 12.264299869537354
  Stamina: 11.817351150512696
  Stream: 13.935600185394287
  Technical: 14.795100975036622
  Rate: 100
