Artist: YasiCreeper
AssetId: rbxassetid://340104914
CoverImageAssetId: rbxassetid://6565572723
Description: bruh
Filename: it's time to stop! (Custom)
HitSFXGroup: 0
Mapper: Yasi
MD5Hash: cf9afb2d1ccacc30d084a19f4fe740b3
NotePrebufferTime: 800
TimeOffset: -75
Volume: 0.5
Difficulty:
- Overall: 9.388630199432374
  Chordjack: 4.356481647491456
  Handstream: 4.9335016250610355
  Jack: 6.098422336578369
  Jumpstream: 8.14718542098999
  Stamina: 7.4585589408874515
  Stream: 8.289354515075685
  Technical: 9.388630199432374
  Rate: 100
