Artist: Camellia feat. Kagekiha gakusei // FelixSpade
AssetId: rbxassetid://10718726499
CoverImageAssetId: rbxassetid://8381783466
Description: Rebellion
Filename: Lowermost revolt
HitSFXGroup: 0
Mapper: Yasi
MD5Hash: 25bf68ccd44c2e162e9145021a1eaadd
NotePrebufferTime: 800
TimeOffset: -1380
Volume: 1.2
Difficulty:
- Overall: 41.118839263916016
  Chordjack: 29.16089744567871
  Handstream: 34.682395935058594
  Jack: 22.198499107360842
  Jumpstream: 40.15620002746582
  Stamina: 37.87163772583008
  Stream: 39.371401977539065
  Technical: 39.290398406982426
  Rate: 100
