Artist: YasiCreeper
AssetId: rbxassetid://5312369043
CoverImageAssetId: rbxassetid://124910955
Description: This was invented in the 16th century
Filename: Etude Reverb Op. Fart (Custom)
HitSFXGroup: 0
Mapper: Yasi
MD5Hash: e3f1bc53437501e079d862e0609159ca
NotePrebufferTime: 800
TimeOffset: -75
Volume: 0.5
Difficulty:
- Overall: 28.56764259338379
  Chordjack: 3.5998017311096193
  Handstream: 8.359296226501465
  Jack: 23.32391109466553
  Jumpstream: 9.431218528747559
  Stamina: 21.138412857055666
  Stream: 9.544069576263428
  Technical: 28.565423011779785
  Rate: 100
