Artist: Laur
AssetId: rbxassetid://9513036812
CoverImageAssetId: rbxassetid://6595392440
Description: ''
Filename: Absolute Domination
HitSFXGroup: 0
Mapper: Yasi
MD5Hash: 3749238799dae893b3a167afe8fa1a3f
NotePrebufferTime: 800
TimeOffset: 0
Volume: 0.5
Difficulty:
- Overall: 40.960797500610354
  Chordjack: 29.010604476928712
  Handstream: 32.66820030212403
  Jack: 26.316894149780275
  Jumpstream: 40.960797500610354
  Stamina: 38.23267936706543
  Stream: 34.107295989990234
  Technical: 37.530900192260745
  Rate: 100
