Artist: The Quick Brown Fox
AssetId: rbxassetid://6112243873
CoverImageAssetId: rbxassetid://6558198119
Description: ''
Filename: The Big Black
HitSFXGroup: 0
Mapper: Yasi
MD5Hash: 0b833704c4523d9c561d0430fdca0e83
NotePrebufferTime: 800
TimeOffset: -118
Volume: 0.5
Difficulty:
- Overall: 36
  Chordjack: 24.56909465789795
  Handstream: 29.187000274658203
  Jack: 22.716897583007814
  Jumpstream: 39.6134994506836
  Stamina: 36.56654090881348
  Stream: 36.55079956054688
  Technical: 37.71180038452149
  Rate: 100
