Artist: Shiggy Jr.
AssetId: rbxassetid://6572144158
CoverImageAssetId: rbxassetid://6570957897
Description: ''
Filename: Oyasumi [best]
HitSFXGroup: 0
Mapper: Yasi
MD5Hash: 838973b0fc1581b4a7a87771571e0558
NotePrebufferTime: 800
TimeOffset: -75
Volume: 0.5
Difficulty:
- Overall: 32
  Chordjack: 34.04339675903321
  Handstream: 27.957594108581542
  Jack: 23.458497047424316
  Jumpstream: 28.874696731567383
  Stamina: 32.424478912353514
  Stream: 23.371195220947268
  Technical: 28.632594108581543
  Rate: 100
