Artist: ''
AssetId: rbxassetid://10718809310
CoverImageAssetId: rbxassetid://6496915851
Description: ''
Filename: Go Beyond!!
HitSFXGroup: 0
Mapper: Yasi
MD5Hash: 45c59bc9b0ea681ecccd4be97143edf7
NotePrebufferTime: 800
TimeOffset: -75
Volume: 0.3
Difficulty:
- Overall: 23.125498008728027
  Chordjack: 13.270499897003175
  Handstream: 12.251699924468994
  Jack: 11.83049955368042
  Jumpstream: 23.125498008728027
  Stamina: 20.385816764831542
  Stream: 19.42649745941162
  Technical: 20.150098228454592
  Rate: 100
