Artist: Slowless / Kobaryo
AssetId: rbxassetid://10718744302
CoverImageAssetId: rbxassetid://6581161986
Description: ''
Filename: Perfect Neglect
HitSFXGroup: 0
Mapper: Yasi
MD5Hash: 2c659b5de40e82315e06af7b329efb94
NotePrebufferTime: 800
TimeOffset: -75
Volume: 0.5
Difficulty:
- Overall: 33.96600494384766
  Chordjack: 27.821694946289064
  Handstream: 31.42709884643555
  Jack: 19.77209815979004
  Jumpstream: 33.63389854431153
  Stamina: 32.845289611816405
  Stream: 27.675896072387697
  Technical: 31.326299285888673
  Rate: 100
