Artist: bo en
AssetId: rbxassetid://10718768266
CoverImageAssetId: rbxassetid://6572451688
Description: ''
Filename: My Time
HitSFXGroup: 0
Mapper: Yasi
MD5Hash: f3debb1afb0e48d582cbde68e1d02612
NotePrebufferTime: 800
TimeOffset: -75
Volume: 0.5
Difficulty:
- Overall: 36.301499176025395
  Chordjack: 32.49090156555176
  Handstream: 24.57359390258789
  Jack: 23.364896965026855
  Jumpstream: 36.301499176025395
  Stamina: 32.61009979248047
  Stream: 31.58280258178711
  Technical: 35.26559829711914
  Rate: 100
