Artist: Diana Boncheva
AssetId: rbxassetid://13646402172
CoverImageAssetId: ''
Description: ''
Filename: "Drama\U0001F3BB\U0001F3B6"
HitSFXGroup: 0
Mapper: YasiCreeper
MD5Hash: 33c5d89c14a488bd8acea2c4315ace7d
NotePrebufferTime: 1000
TimeOffset: -75
Volume: 0.5
Difficulty:
- Overall: 41
  Chordjack: 43.064998626708984
  Handstream: 27.1160945892334
  Jack: 31.44240074157715
  Jumpstream: 32.299200439453124
  Stamina: 39.28901824951172
  Stream: 31.694403076171877
  Technical: 35.30789566040039
  Rate: 100
