Artist: Chroma
AssetId: rbxassetid://10718835386
CoverImageAssetId: rbxassetid://6590256885
Description: Mapped by JI_CO
Filename: Saraba Senyu
HitSFXGroup: 0
Mapper: Yasi
MD5Hash: ffcca69ee5c0879b9a6338e78451f755
NotePrebufferTime: 800
TimeOffset: 1000
Volume: 0.5
Difficulty:
- Overall: 29
  Chordjack: 23.294696044921874
  Handstream: 28.445392227172853
  Jack: 20.384098434448244
  Jumpstream: 30.55140609741211
  Stamina: 29.07312355041504
  Stream: 26.724593353271484
  Technical: 30.715201950073244
  Rate: 100
