Artist: "\u30D3\u30FC\u30C8\u307E\u308A\u304A"
AssetId: rbxassetid://10718862983
CoverImageAssetId: rbxassetid://6566266654
Description: Mapped by FAMoss
Filename: Night of Knights (Cranky Remix)
HitSFXGroup: 0
Mapper: Yasi
MD5Hash: 1468da5c76db138a05417c7355cb9c72
NotePrebufferTime: 800
TimeOffset: -75
Volume: 0.5
Difficulty:
- Overall: 26
  Chordjack: 18.364497184753418
  Handstream: 24.614995193481445
  Jack: 15.534000205993653
  Jumpstream: 30.93929901123047
  Stamina: 30.908358764648437
  Stream: 28.052095413208008
  Technical: 28.33469467163086
  Rate: 100
