Artist: DJ Myosuke & Noizenecio // Mat
AssetId: rbxassetid://10026828552
CoverImageAssetId: rbxassetid://10026828552
Description: ''
Filename: Architecture
HitSFXGroup: 0
Mapper: Yasi
MD5Hash: ea8cc7ebee27f5de0b6b5b34be4401c9
NotePrebufferTime: 800
TimeOffset: -75
Volume: 0.5
Difficulty:
- Overall: 31
  Chordjack: 20.6531982421875
  Handstream: 17.77499656677246
  Jack: 19.73609733581543
  Jumpstream: 32.69700164794922
  Stamina: 31.104183197021484
  Stream: 28.51289978027344
  Technical: 30.514502334594727
  Rate: 100
