Artist: GRGE
AssetId: rbxassetid://12143855448
CoverImageAssetId: ''
Description: ''
Filename: GRGE - Running In The Future
HitSFXGroup: 0
Mapper: YasiCreeper
MD5Hash: 6bbf8326816c395572fa05a8155ab626
NotePrebufferTime: 1000
TimeOffset: -75
Volume: 0.5
Difficulty:
- Overall: 32
  Chordjack: 22.52699546813965
  Handstream: 24.317995262145995
  Jack: 18.955798530578615
  Jumpstream: 35.57069549560547
  Stamina: 34.725929260253906
  Stream: 31.218300247192385
  Technical: 33.21269645690918
  Rate: 100
