Artist: YasiCreeper
AssetId: rbxassetid://2976247028
CoverImageAssetId: rbxassetid://6536334919
Description: ''
Filename: il vento d'oro (Custom)
HitSFXGroup: 0
Mapper: Yasi
MD5Hash: fe6414024cf00d039bb211ed50942205
NotePrebufferTime: 800
TimeOffset: -75
Volume: 0.5
Difficulty:
- Overall: 26.268295097351075
  Chordjack: 20.236497116088866
  Handstream: 19.47509651184082
  Jack: 22.470297431945802
  Jumpstream: 25.02539291381836
  Stamina: 24.461157417297365
  Stream: 20.05919666290283
  Technical: 26.268295097351075
  Rate: 100
