Artist: YasiCreeper
AssetId: rbxassetid://4966153470
CoverImageAssetId: rbxassetid://6503825385
Description: ''
Filename: Death Bed (Custom)
HitSFXGroup: 0
Mapper: Yasi
MD5Hash: 856fe0c70da80c600a472f9f7bb161a5
NotePrebufferTime: 800
TimeOffset: -75
Volume: 0.5
Difficulty:
- Overall: 20
  Chordjack: 8.309410572052002
  Handstream: 10.683407592773438
  Jack: 22.03088893890381
  Jumpstream: 14.508601570129395
  Stamina: 13.042287254333496
  Stream: 12.987458610534668
  Technical: 19.002928161621096
  Rate: 100
