Artist: DJ Sharpnel
AssetId: rbxassetid://8650062667
CoverImageAssetId: ''
Description: ''
Filename: Lolit Speed
HitSFXGroup: 0
Mapper: remixes00000
MD5Hash: b2e372ccb9c2e9b37b2de450133ebdd1
NotePrebufferTime: 1000
TimeOffset: -75
Volume: 0.5
Difficulty:
- Overall: 0
  Chordjack: 52.551888656616214
  Handstream: 23.062494850158693
  Jack: 40.21290321350098
  Jumpstream: 55.114192199707034
  Stamina: 55.05907859802246
  Stream: 21.976195907592775
  Technical: 26.603994369506836
  Rate: 100
