Artist: KASAI HARCORES
AssetId: rbxassetid://8049167855
CoverImageAssetId: rbxassetid://6592908246
Description: fire
Filename: Drop The Fire
HitSFXGroup: 0
Mapper: Yasi
MD5Hash: ed731d51bc97eef36ded366506437eed
NotePrebufferTime: 800
TimeOffset: -75
Volume: 0.5
Difficulty:
- Overall: 24.78959369659424
  Chordjack: 14.69520092010498
  Handstream: 16.30799903869629
  Jack: 11.052899265289307
  Jumpstream: 24.78959369659424
  Stamina: 23.75878772735596
  Stream: 22.46579647064209
  Technical: 22.782595825195312
  Rate: 100
