Artist: ''
AssetId: rbxassetid://10024683187
CoverImageAssetId: rbxassetid://6491862716
Description: ''
Filename: The Empress scream off ver
HitSFXGroup: 0
Mapper: Yasi
MD5Hash: 190ad123a278ca94611b646d9fe67ae9
NotePrebufferTime: 800
TimeOffset: -75
Volume: 0.5
Difficulty:
- Overall: 24.77520160675049
  Chordjack: 14.465701675415039
  Handstream: 14.001300144195557
  Jack: 12.089698791503906
  Jumpstream: 24.152395248413086
  Stamina: 22.700551986694336
  Stream: 24.5771936416626
  Technical: 23.368496704101563
  Rate: 100
