Artist: DJ Sharpnel
AssetId: rbxassetid://13734344621
CoverImageAssetId: ''
Description: ''
Filename: soulja boy x gate openerz
HitSFXGroup: 0
Mapper: YasiCreeper
MD5Hash: 99671adf58cacb84bdd98dfc5749fff9
NotePrebufferTime: 1000
TimeOffset: -75
Volume: 0.5
Difficulty:
- Overall: 40
  Chordjack: 28.864795303344728
  Handstream: 22.915794754028322
  Jack: 26.474393463134767
  Jumpstream: 42.795898818969725
  Stamina: 42.75310363769531
  Stream: 34.06319618225098
  Technical: 36.197994232177734
  Rate: 100
