Artist: YasiCreeper
AssetId: rbxassetid://6784760808
CoverImageAssetId: rbxassetid://6784766662
Description: i dont wanna be a sandw...
Filename: i don't wanna be a sandw..
HitSFXGroup: 0
Mapper: Yasi
MD5Hash: ad73abdfeed93ece497708a9d4162e05
NotePrebufferTime: 800
TimeOffset: -75
Volume: 0.5
Difficulty:
- Overall: 11.039117431640625
  Chordjack: 7.680348873138428
  Handstream: 6.604496812820435
  Jack: 7.379738903045655
  Jumpstream: 8.585876369476319
  Stamina: 8.68285903930664
  Stream: 9.07652406692505
  Technical: 11.039117431640625
  Rate: 100
