Artist: puxtu / Masa
AssetId: rbxassetid://6578172611
CoverImageAssetId: rbxassetid://6578151454
Description: ''
Filename: "Kitsune no Yomeiri \u72D0\u306E\u5AC1\u5165\u308A"
HitSFXGroup: 0
Mapper: Yasi
MD5Hash: ed3af5867898d3ce2c7ec2d0ceca3f95
NotePrebufferTime: 800
TimeOffset: -75
Volume: 0.5
Difficulty:
- Overall: 34.52544593811035
  Chordjack: 19.90169734954834
  Handstream: 30.150902938842773
  Jack: 19.403096580505373
  Jumpstream: 33.75540046691895
  Stamina: 33.266845321655275
  Stream: 31.791601181030273
  Technical: 32.84100151062012
  Rate: 100
