Artist: ''
AssetId: rbxassetid://2784767783
CoverImageAssetId: rbxassetid://6558416231
Description: ''
Filename: BRUH
HitSFXGroup: 0
Mapper: Yasi
MD5Hash: 1b3ec9854f3571f56b457a191b190115
NotePrebufferTime: 800
TimeOffset: -75
Volume: 0.5
Difficulty:
- Overall: 27.69382610321045
  Chordjack: 1.9831714868545534
  Handstream: 5.73606276512146
  Jack: 20.831609344482423
  Jumpstream: 6.15771632194519
  Stamina: 24.595878982543947
  Stream: 6.280771350860596
  Technical: 27.69382610321045
  Rate: 100
