Artist: ''
AssetId: rbxassetid://10718831118
CoverImageAssetId: rbxassetid://6572917046
Description: ''
Filename: Time to Air
HitSFXGroup: 0
Mapper: Yasi
MD5Hash: e6f45e84b0d34edd19f52ad7e1573ae8
NotePrebufferTime: 800
TimeOffset: -75
Volume: 0.5
Difficulty:
- Overall: 26
  Chordjack: 24.767996978759765
  Handstream: 26.47709541320801
  Jack: 21.161697006225587
  Jumpstream: 29.781003570556642
  Stamina: 28.426179885864258
  Stream: 25.257595825195313
  Technical: 27.692998695373536
  Rate: 100
