Artist: puxtu / Masa
AssetId: rbxassetid://6578172611
CoverImageAssetId: rbxassetid://6578151454
Description: ''
Filename: "Kitsune no Yomeiri \u72D0\u306E\u5AC1\u5165\u308A"
HitSFXGroup: 0
Mapper: Yasi
MD5Hash: f64776622f9fde0c2be39b6951567543
NotePrebufferTime: 800
TimeOffset: -75
Volume: 0.5
Difficulty:
- Overall: 14.990400123596192
  Chordjack: 8.016300487518311
  Handstream: 7.591501235961914
  Jack: 6.387300109863282
  Jumpstream: 12.927601146697999
  Stamina: 12.984771251678467
  Stream: 14.329802513122559
  Technical: 14.990400123596192
  Rate: 100
