Artist: ''
AssetId: rbxassetid://10718917720
CoverImageAssetId: rbxassetid://6504609919
Description: ''
Filename: NANO DEATH!!!
HitSFXGroup: 0
Mapper: Yasi
MD5Hash: 514a446b13d2d24c836deade44716dfd
NotePrebufferTime: 800
TimeOffset: -92
Volume: 1
Difficulty:
- Overall: 6
  Chordjack: 5.180400466918946
  Handstream: 5.1939003467559814
  Jack: 6.061500120162964
  Jumpstream: 6.155100202560425
  Stamina: 8.03256540298462
  Stream: 9.30690050125122
  Technical: 9.792900466918946
  Rate: 100
