Artist: Helblinde
AssetId: rbxassetid://6782246026
CoverImageAssetId: rbxassetid://6701142828
Description: catJAM pepeJAM sillyJAM
Filename: Disconnected
HitSFXGroup: 0
Mapper: Yasi
MD5Hash: 6a9323d4c12c0fd6ece880d49036b727
NotePrebufferTime: 800
TimeOffset: -75
Volume: 0.5
Difficulty:
- Overall: 36
  Chordjack: 24.254096031188965
  Handstream: 23.266795921325684
  Jack: 19.80359802246094
  Jumpstream: 37.52279777526856
  Stamina: 35.57199325561523
  Stream: 36.24929695129395
  Technical: 35.618400192260744
  Rate: 100
