Artist: Camellia // Wonki
AssetId: rbxassetid://10044608437
CoverImageAssetId: rbxassetid://8347390377
Description: ''
Filename: K.Y.A.F.A.
HitSFXGroup: 0
Mapper: Yasi
MD5Hash: 42f7a0f7373db7439097e8227892bd04
NotePrebufferTime: 800
TimeOffset: -75
Volume: 0.5
Difficulty:
- Overall: 38
  Chordjack: 30.73860282897949
  Handstream: 37.47869453430176
  Jack: 25.18019714355469
  Jumpstream: 41.45399780273438
  Stamina: 41.41254844665527
  Stream: 37.232096099853514
  Technical: 39.016797637939455
  Rate: 100
