Artist: ''
AssetId: rbxassetid://9512620160
CoverImageAssetId: rbxassetid://9512620160
Description: Maybe Official Song
Filename: A Lasting Promise (Hard)
HitSFXGroup: 0
Mapper: Yasi
MD5Hash: 1c3c0439526e2e7aa72ebb60d2fcdd79
NotePrebufferTime: 800
TimeOffset: 150
Volume: 0.5
Difficulty:
- Overall: 39.900064086914064
  Chordjack: 25.113595962524414
  Handstream: 24.52229633331299
  Jack: 36.91439895629883
  Jumpstream: 39.88080024719238
  Stamina: 34.78398170471191
  Stream: 34.93169975280762
  Technical: 38.23650054931641
  Rate: 100
