Artist: YasiCree
AssetId: rbxassetid://6832855809
CoverImageAssetId: rbxassetid://6831670954
Description: "\u3042\u306A\u305F\u3092\u3042\u304D\u3089\u3081\u308B\u3064\u3082\u308A\
  \u306F\u3042\u308A\u307E\u305B\u3093"
Filename: Demon Slayer Season 2 Opening
HitSFXGroup: 0
Mapper: Yasi
MD5Hash: 31a4489686544067449bd2c4110a9de5
NotePrebufferTime: 800
TimeOffset: -75
Volume: 0.5
Difficulty:
- Overall: 33
  Chordjack: 23.927395248413088
  Handstream: 26.3600944519043
  Jack: 22.58729839324951
  Jumpstream: 31.859098434448242
  Stamina: 28.750206184387206
  Stream: 30.92220153808594
  Technical: 35.630100631713866
  Rate: 100
