Artist: Camellia // Monster
AssetId: rbxassetid://10718757441
CoverImageAssetId: rbxassetid://8343020563
Description: This was mapped by Jian_awesome
Filename: Proof of a Hero (Camellia Remix)
HitSFXGroup: 0
Mapper: Yasi
MD5Hash: 1608e75381ba77a01c663915ada16653
NotePrebufferTime: 800
TimeOffset: -75
Volume: 1
Difficulty:
- Overall: 39.725999450683595
  Chordjack: 31.812296676635743
  Handstream: 28.99980354309082
  Jack: 27.144894218444826
  Jumpstream: 37.407599258422856
  Stamina: 36.93522491455078
  Stream: 35.52210159301758
  Technical: 39.725999450683595
  Rate: 100
