Artist: Arab and son // YasiCreeper
AssetId: rbxassetid://4701936877
CoverImageAssetId: rbxassetid://6497839963
Description: ''
Filename: '[Trending] I wanna tell you about my son [Custom]'
HitSFXGroup: 0
Mapper: Yasi
MD5Hash: 2a56156c4f4cdd46ad913656e0eb8e8d
NotePrebufferTime: 800
TimeOffset: -75
Volume: 0.5
Difficulty:
- Overall: 40
  Chordjack: 31.47323112487793
  Handstream: 31.009185791015625
  Jack: 26.243275451660157
  Jumpstream: 46.113680648803715
  Stamina: 41.15704765319824
  Stream: 42.974392318725585
  Technical: 44.19108352661133
  Rate: 100
