Artist: SOOOO
AssetId: rbxassetid://3573130923
CoverImageAssetId: rbxassetid://6701043830
Description: iiiiiiiiiiiiiiiiiiiillllllllllllllllllllllllluuuuuuuuuuuuuuuuuuuvvvvvvvvvvvvvvvvvuuuuuuuuuuu
Filename: iiillluuuvvvUUU (LN)
HitSFXGroup: 0
Mapper: Yasi
MD5Hash: 9b34dffa221bd55390dd34aeb068f0df
NotePrebufferTime: 800
TimeOffset: -175
Volume: 0.5
Difficulty:
- Overall: 53.66627655029297
  Chordjack: 43.03620071411133
  Handstream: 52.649993133544925
  Jack: 36.584101867675784
  Jumpstream: 48.74849739074707
  Stamina: 51.91935081481934
  Stream: 43.18379859924317
  Technical: 50.68349533081055
  Rate: 100
