Artist: YasiCreeper
AssetId: rbxassetid://1163167926
CoverImageAssetId: rbxassetid://6559426917
Description: flute intensifies
Filename: Seven Nation Army - RECORDER (Custom)
HitSFXGroup: 0
Mapper: Yasi
MD5Hash: 5114dcc379f41afb44d3a8a50b23ea4d
NotePrebufferTime: 800
TimeOffset: -75
Volume: 0.5
Difficulty:
- Overall: 14.948099327087403
  Chordjack: 6.655499982833862
  Handstream: 8.002801036834716
  Jack: 10.53449993133545
  Jumpstream: 10.384200954437256
  Stamina: 11.061593914031983
  Stream: 12.779100322723389
  Technical: 14.948099327087403
  Rate: 100
