Artist: Helblinde
AssetId: rbxassetid://6782246026
CoverImageAssetId: rbxassetid://6701142828
Description: catJAM pepeJAM sillyJAM
Filename: Disconnected
HitSFXGroup: 0
Mapper: Yasi
MD5Hash: 1531fdf0753c56311914c88c76400518
NotePrebufferTime: 800
TimeOffset: -75
Volume: 0.5
Difficulty:
- Overall: 24.49889717102051
  Chordjack: 16.334997940063477
  Handstream: 15.273001098632813
  Jack: 14.552098846435547
  Jumpstream: 24.286495399475097
  Stamina: 21.78259620666504
  Stream: 21.93659534454346
  Technical: 24.49889717102051
  Rate: 100
