Artist: YasiCreeper / herdangafbrothers
AssetId: rbxassetid://10718921305
CoverImageAssetId: rbxassetid://6491794520
Description: ''
Filename: JellyfishJAM (Custom)
HitSFXGroup: 0
Mapper: Yasi
MD5Hash: 7e61c813e6d2d178fcac7157150af5a4
NotePrebufferTime: 700
TimeOffset: -75
Volume: 0.5
Difficulty:
- Overall: 25
  Chordjack: 22.99127769470215
  Handstream: 22.079750633239748
  Jack: 19.50241641998291
  Jumpstream: 28.223758506774903
  Stamina: 25.479075050354005
  Stream: 20.75955276489258
  Technical: 28.0804349899292
  Rate: 100
